4.67175951188055e+6 0.0e+0 0.0e+0
4.654517237136719e+6 4.0100651621084005e+5 4.32e+1
4.602917686596258e+6 7.990530065432118e+5 8.64e+1
4.517341732822714e+6 1.1912013288041094e+6 1.296e+2
4.3984210809779994e+6 1.5745567411988418e+6 1.728e+2
4.2470335304673545e+6 1.9462895796700935e+6 2.16e+2
4.064296476963543e+6 2.3036560255793662e+6 2.592e+2
3.8515588408425677e+6 2.644018046907745e+6 3.0240002e+2
3.610390943822935e+6 2.9648632632227284e+6 3.4560004e+2
3.3425729654412895e+6 3.263823357283205e+6 3.8880005e+2
3.0500818026667237e+6 3.5386915567604504e+6 4.3200007e+2
2.7350764774464165e+6 3.7874389235162187e+6 4.752001e+2
2.3998821998967268e+6 4.008229330198715e+6 5.184001e+2
2.046973204777207e+6 4.1994330136067803e+6 5.616001e+2
1.678954487940015e+6 4.3596386047782065e+6 6.048001e+2
1.2985425775670162e+6 4.487663547002159e+6 6.480001e+2
9.085454821316057e+5 4.582562824855175e+6 6.9120014e+2
5.118419630992374e+5 4.643635939827444e+6 7.3440015e+2
1.1136028536513029e+5 4.670432081048796e+6 7.7760017e+2
-2.899433977173335e+5 4.662753452946716e+6 8.208002e+2
-6.891068651667049e+5 4.6206567352732997e+6 8.640002e+2
-1.0831836939917361e+6 4.544452664723972e+6 9.072002e+2
-1.4692650081968697e+6 4.434703741236233e+6 9.5040023e+2
-1.8445009506347718e+6 4.292220075899395e+6 9.9360025e+2
-2.2061212191839405e+6 4.1180536789984606e+6 1.03680015e+3
-2.5514570617884935e+6 3.913489976823247e+6 1.0800001e+3
-2.877959390979434e+6 3.6800389509786e+6 1.12320006e+3
-3.18321813837329e+6 3.4194238140917366e+6 1.1664e+3
-3.4649800445287193e+6 3.1335682899634004e+6 1.2096e+3
-3.72116529132199e+6 2.824582413651072e+6 1.2528e+3
-3.94988285406995e+6 2.494746956300502e+6 1.2959999e+3
-4.149444460079141e+6 2.1464965896932883e+6 1.3391998e+3
-4.318377050586435e+6 1.7824019147809494e+6 1.3823998e+3
-4.4554336541036704e+6 1.4051504868613932e+6 1.4255998e+3
-4.559602590905007e+6 1.0175269774599308e+6 1.4687997e+3
-4.630114940714296e+6 6.22392619349428e+5 1.5119997e+3
-4.6664502184699447e+6 2.2266408643559354e+5 1.5551996e+3
-4.6683402162717497e+6 -1.7870803559499265e+5 1.5983996e+3
-4.635770983150486e+6 -5.787610289457727e+5 1.6415995e+3
-4.568982928046615e+6 -9.745419129339573e+5 1.6847995e+3
-4.4684690452379966e+6 -1.363129241340019e+6 1.7279994e+3
-4.3349712753155517e+6 -1.7416546669863822e+6 1.7711994e+3
-4.169475028568239e+6 -2.107324114366908e+6 1.8143994e+3
-3.97320191120284e+6 -2.4574384040420005e+6 1.8575992e+3
-3.7476007080897683e+6 -2.78941317656088e+6 1.9007991e+3
-3.494336688595534e+6 -3.100797968843115e+6 1.9439991e+3
-3.215279314440565e+6 -3.3892943022076144e+6 1.987199e+3
-2.9124884403165324e+6 -3.652772648532751e+6 2.030399e+3
-2.588198164622503e+6 -3.8892887778475776e+6 2.0735991e+3
-2.2448040590909374e+6 -4.0970955167209905e+6 2.116799e+3
-1.8848399912460817e+6 -4.2746596524455444e+6 2.159999e+3
-1.5109630264180512e+6 -4.420670500008341e+6 2.203199e+3
-1.1259329276213186e+6 -4.5340502841658553e+6 2.246399e+3
-7.325917844363562e+5 -4.613962095013649e+6 2.2895989e+3
-3.3384303419991024e+5 -4.6598160656148857e+6 2.3327988e+3
6.736996964158692e+4 -4.6712737260876597e+6 2.3759988e+3
4.6808568381831894e+5 -4.6482505020115605e+6 2.4191988e+3
8.653462357910929e+5 -4.590916338711541e+6 2.4623987e+3
1.2562192572099462e+6 -4.499694446810948e+6 2.5055987e+3
1.6378195291142456e+6 -4.3752581783134104e+6 2.5487986e+3
2.0073302791008102e+6 -4.218526056272672e+6 2.5919986e+3
2.3620239732555598e+6 -4.030654994738747e+6 2.6351985e+3
2.6992824493735995e+6 -3.813031759027199e+6 2.6783985e+3
3.0166162428548965e+6 -3.567262729347307e+6 2.7215984e+3
3.311682962621964e+6 -3.295162043348673e+6 2.7647984e+3
3.5823045814181953e+6 -2.9987382051117095e+6 2.8079984e+3
3.826483512858953e+6 -2.6801792594274354e+6 2.8511983e+3
4.0424173565631044e+6 -2.3418366408022057e+6 2.8943983e+3
4.228512202524181e+6 -1.9862078164055466e+6 2.9375982e+3
4.3833943965153105e+6 -1.6159178510817201e+6 2.9807982e+3
4.5059206796818774e+6 -1.2337000305023901e+6 3.023998e+3
4.5951866274767866e+6 -8.423756854900931e+5 3.067198e+3
4.650533325646551e+6 -4.4483336643873544e+5 3.110398e+3
4.6715522339895776e+6 -4.4007521554583734e+4 3.153598e+3
4.658088201984955e+6 3.571431636962395e+5 3.196798e+3
4.6102406140319585e+6 7.556576060469614e+5 3.239998e+3
4.528362655846708e+6 1.1485941815886651e+6 3.283198e+3
4.4130587074310723e+6 1.533052439290054e+6 3.3263978e+3
4.2651798818575143e+6 1.906194510600717e+6 3.3695978e+3
4.085817742800276e+6 2.2652660571034142e+6 3.4127977e+3
3.8762962471867213e+6 2.6076166015909114e+6 3.4559977e+3
3.6381619724439895e+6 2.930719092493999e+6 3.4991974e+3
3.373172700478263e+6 3.232188557246402e+6 3.5423973e+3
3.0832844426537015e+6 3.509799706897253e+6 3.5855973e+3
2.7706370015458437e+6 3.7615033620231475e+6 3.6287972e+3
2.4375381760449877e+6 3.9854415786923364e+6 3.6719972e+3
2.0864467263991812e+6 4.1799613628291515e+6 3.715197e+3
1.719954224939912e+6 4.3436268717464366e+6 3.758397e+3
1.3407659264588814e+6 4.475230012780712e+6 3.801597e+3
9.516807994406775e+5 4.573799360796486e+6 3.844797e+3
5.555708655502898e+5 4.638607328735435e+6 3.887997e+3
1.553599998804621e+5 4.6691755382811995e+6 3.931197e+3
-2.4599765155562753e+5 4.665278350996381e+6 3.974397e+3
-6.455394777757353e+5 4.6269445338667525e+6 4.0175968e+3
-1.0403162712638506e+6 4.5544570469585144e+6 4.0607968e+3
-1.4274161580016634e+6 4.448350261470218e+6 4.103997e+3
-1.8039794907713178e+6 4.309407724238082e+6 4.1471973e+3
-2.167226645805814e+6 4.138655047543304e+6 4.1903976e+3
-2.514476293465349e+6 3.9373526520299335e+6 4.2335975e+3
-2.843165190625275e+6 3.706986462837858e+6 4.2767978e+3
-3.1508671014017947e+6 3.449256941161421e+6 4.319998e+3
-3.435310706550818e+6 3.1660665321979115e+6 4.3631983e+3
-3.69439636934078e+6 2.8595056221396126e+6 4.4063985e+3
-3.926211634141243e+6 2.5318371078685814e+6 4.4495985e+3
-4.129045343323411e+6 2.1854796932540105e+6 4.4927987e+3
-4.3014002682680297e+6 1.822990035351294e+6 4.535999e+3
-4.442004161243987e+6 1.4470438722918844e+6 4.5791993e+3
-4.549819146577702e+6 1.0604162721692548e+6 4.6223995e+3
-4.6240493817917133e+6 6.65961148715193e+5 4.6655995e+3
-4.66414693216144e+6 2.665901949723843e+5 4.7087997e+3
-4.66981581532666e+6 -1.347486095341644e+5 4.752e+3
-4.641014186102229e+6 -5.350927594765754e+5 4.7952002e+3
-4.577954645360707e+6 -9.314870916264623e+5 4.8384005e+3
-4.481102670706854e+6 -1.3210055985612973e+6 4.8816004e+3
-4.3511731805281034e+6 -1.7007730271553995e+6 4.9248007e+3
-4.1891252567835885e+6 -2.06798610242531e+6 4.968001e+3
-3.996155065485864e+6 -2.419934220064269e+6 5.011201e+3
-3.773687027133078e+6 -2.754019454922914e+6 5.054401e+3
-3.5233633022676675e+6 -3.067775737742228e+6 5.0976014e+3
-3.2470316697744084e+6 -3.358887058584794e+6 5.1408017e+3
-2.946731887394987e+6 -3.6252045625944984e+6 5.184002e+3
-2.6246806351395846e+6 -3.864762411891533e+6 5.227202e+3
-2.2832551527367145e+6 -4.0757922965170384e+6 5.2704024e+3
-1.924975691902219e+6 -4.2567364873141916e+6 5.3136027e+3
-1.5524869129572164e+6 -4.4062593343949874e+6 5.356803e+3
-1.1685383631166976e+6 -4.523257126316273e+6 5.400003e+3
-7.759641805496469e+5 -4.606866237188823e+6 5.443203e+3
-3.776621740260684e+5 -4.6564695015812463e+6 5.486403e+3
2.3427567424036047e+4 -4.6717007701618674e+6 5.5296034e+3
4.243443769459691e+5 -4.652447612450969e+6 5.5728036e+3
8.221288641919468e+5 -4.598852146732796e+6 5.616004e+3
1.213844760230099e+6 -4.5113099910013194e+6 5.659204e+3
1.596600591781498e+6 -4.390467342683392e+6 5.7024044e+3
1.967571024795393e+6 -4.237216208695515e+6 5.7456046e+3
2.324017719814078e+6 -4.052687821043778e+6 5.788805e+3
2.6633095451820743e+6 -3.8382442865701555e+6 5.832005e+3
2.9829419988949124e+6 -3.595468532482966e+6 5.875205e+3
3.280555695723792e+6 -3.3261526218892273e+6 5.918405e+3
3.553953783152571e+6 -3.0322845255783504e+6 5.9616053e+3
3.801118157570152e+6 -2.71603344770216e+6 6.0048056e+3
4.020224361017696e+6 -2.3797338136703972e+6 6.048006e+3
4.209655048529293e+6 -2.0258680384561645e+6 6.091206e+3
4.36801192665633e+6 -1.6570482025078362e+6 6.1344063e+3
4.494126075050474e+6 -1.27599677052797e+6 6.1776066e+3
4.5870665749160777e+6 -8.855264954444179e+5 6.220807e+3
4.646147380640459e+6 -4.885196559138568e+5 6.264007e+3
4.670932383878826e+6 -8.79067806170594e+4 6.307207e+3
4.6612386327129474e+6 3.133549836060231e+5 6.350407e+3
4.617137682121191e+6 7.123037001047691e+5 6.393607e+3
4.538955065791375e+6 1.1059945061225263e+6 6.4368075e+3
4.427267893175221e+6 1.4915213504694572e+6 6.480008e+3
4.2829005895219696e+6 1.8660384447054568e+6 6.523208e+3
4.10691881033625e+6 2.226781269490264e+6 6.566408e+3
3.900621575181083e+6 2.571086981040944e+6 6.6096085e+3
3.6655316788906855e+6 2.896414067065554e+6 6.652809e+3
3.4033844509733885e+6 3.2003611070813487e+6 6.696009e+3
3.116114946177638e+6 3.480684498637406e+6 6.7392087e+3
2.805843660774762e+6 3.7353150185943446e+6 6.782409e+3
2.4748608799945557e+6 3.962373097213205e+6 6.825609e+3
2.1256097721538786e+6 4.1601826923069535e+6 6.8688095e+3
1.7606683542701201e+6 4.327283661041663e+6 6.91201e+3
1.3827304622811562e+6 4.462442538064343e+6 6.95521e+3
9.945858663414419e+5 4.56466164039792e+6 6.99841e+3
5.990996779740755e+5 4.6331864318951976e+6 7.0416105e+3
1.9919120108637306e+5 4.6675110928905306e+6 7.084811e+3
-2.021876170388704e+5 4.667382253936625e+6 7.128011e+3
-6.020739757109301e+5 4.632800866065584e+6 7.1712106e+3
-9.975160909138843e+5 4.5640221937688114e+6 7.214411e+3
-1.385594984068999e+6 4.461553930747585e+6 7.257611e+3
-1.763446028642037e+6 4.3261524523429606e+6 7.3008114e+3
-2.1282800955477083e+6 4.1588172323079825e+6 7.3440117e+3
-2.4774041412655187e+6 3.960783465135004e+6 7.387212e+3
-2.808241086694402e+6 3.7335129483969703e+6 7.430412e+3
-3.118348840009479e+6 3.4786832924050337e+6 7.4736124e+3
-3.405438323102413e+6 3.198175536832182e+6 7.5168127e+3
-3.6673903685423687e+6 2.894060265711318e+6 7.560013e+3
-3.902271362331498e+6 2.5685823233009025e+6 7.6032126e+3
-4.1083475169872463e+6 2.2241442436386896e+6 7.646413e+3
-4.284097669593723e+6 1.8632885160994317e+6 7.689613e+3
-4.428224510352759e+6 1.4886788178641716e+6 7.7328134e+3
-4.5396641587503095e+6 1.1030803518349135e+6 7.7760136e+3
-4.617594016651317e+6 7.093394351312741e+5 7.819214e+3
-4.6614388403548396e+6 3.103624888380156e+5 7.862414e+3
-4.6708749867883337e+6 -9.090541590840058e+4 7.9056144e+3
-4.6458328024974854e+6 -4.9150229713069604e+5 7.9488146e+3
-4.586497137797169e+6 -8.884711260501192e+5 7.992015e+3
-4.493305982288275e+6 -1.2788816545633885e+6 8.035215e+3
-4.3669472318124414e+6 -1.6598520450365584e+6 8.078415e+3
-4.2083536107095787e+6 -2.0285701427542616e+6 8.121615e+3
-4.018695786859807e+6 -2.3823142340005493e+6 8.1648153e+3
-3.7993737303316216e+6 -2.718473136544184e+6 8.2080156e+3
-3.552006379422772e+6 -3.034565474229601e+6 8.251216e+3
-3.2784196903746965e+6 -3.328257993396827e+6 8.294416e+3
-2.9806331589720925e+6 -3.597382785926796e+6 8.3376163e+3
-2.660844913519409e+6 -3.839953291778987e+6 8.3808166e+3
-2.3214154892310687e+6 -4.0541789628979713e+6 8.424017e+3
-1.9648504038058662e+6 -4.2384784802462216e+6 8.467217e+3
-1.593781662804789e+6 -4.3914914264010113e+6 8.510417e+3
-1.2109483313516003e+6 -4.512088327553348e+6 8.553617e+3
-8.191763155669906e+5 -4.599378990783482e+6 8.596817e+3
-4.213575029810365e+5 -4.652719075070832e+6 8.6400175e+3
-2.04284159000186e+4 -4.6717148475340625e+6 8.683218e+3
3.806514647007505e+5 -4.656226089792845e+6 8.726418e+3
7.78921544754988e+5 -4.606367132997856e+6 8.769618e+3
1.1714419708997512e+6 -4.5225060138888595e+6 8.8128185e+3
1.555315331171156e+6 -4.4052617581104475e+6 8.856019e+3
1.9277080424163204e+6 -4.2554998108388903e+6 8.899219e+3
2.2858712665494554e+6 -4.0743256484490753e+6 8.9424187e+3
2.6271612012573e+6 -3.8630766183774673e+6 8.985619e+3
2.949058595377086e+6 -3.623312067415519e+6 9.028819e+3
3.2491873448929204e+6 -3.356801831302242e+6 9.0720195e+3
3.5253320322834714e+6 -3.065513170580496e+6 9.11522e+3
3.775454279753014e+6 -2.751596249150853e+6 9.15842e+3
3.9977077956337e+6 -2.4173682627138e+6 9.20162e+3
4.19045200289298e+6 -2.0652963342572908e+6 9.2448205e+3
4.3522641491467906e+6 -1.6979793028473447e+6 9.288021e+3
4.4819498087876225e+6 -1.3181285401488668e+6 9.331221e+3
4.578551699705384e+6 -9.285479362808016e+5 9.3744206e+3
4.641356749520041e+6 -5.321132027408761e+5 9.417621e+3
4.6699013591661526e+6 -1.3175064517682136e+5 9.460821e+3
4.6639748249758745e+6 2.695844373061143e+5 9.5040214e+3
4.623620894000117e+6 6.6892956685435e+5 9.5472217e+3
4.549137441087201e+6 1.0633369545656637e+6 9.590422e+3
4.441074270102636e+6 1.4498952597614528e+6 9.633622e+3
4.3002290555204375e+6 1.8257510802144394e+6 9.6768224e+3
4.12764145434343e+6 2.1881300147002336e+6 9.7200227e+3
3.9245854318156265e+6 2.5343571423986294e+6 9.763223e+3
3.69255985757497e+6 2.8618767679745233e+6 9.8064226e+3
3.4332774416613837e+6 3.16827128658918e+6 9.849623e+3
3.148652092049753e+6 3.4512790295884666e+6 9.892823e+3
2.840784787028771e+6 3.70881095913937e+6 9.9360234e+3
2.5119480667096206e+6 3.938966088582153e+6 9.9792236e+3
2.164569258141176e+6 4.140045514672097e+6 1.0022424e+4
1.801212557856718e+6 4.3105649581308536e+6 1.0065624e+4
1.4245601041105896e+6 4.4492657199388325e+6 1.0108824e+4
1.0373921785213733e+6 4.5551239724939513e+6 1.0152025e+4
6.425666832641295e+5 4.627358317053622e+6 1.0195225e+4
2.429980453022124e+5 4.665435551674216e+6 1.0238425e+4
-1.583642966220236e+5 4.6690746070717054e+6 1.0281625e+4
-5.585576634378734e+5 4.638248621350651e+6 1.0324825e+4
-9.546280049312682e+5 4.5731851382868083e+6 1.0368025e+4
-1.3436517052351993e+6 4.4743644276997524e+6 1.0411225e+4
-1.7227571636674174e+6 4.342515940313747e+6 1.0454426e+4
-2.0891459916150712e+6 4.178612923275506e+6 1.0497626e+4
-2.440113669000126e+6 3.9838652360747767e+6 1.0540826e+4
-2.773069507848987e+6 3.7597104198973313e+6 1.05840266e+4
-3.0855557756038454e+6 3.507803086332547e+6 1.06272265e+4
-3.375265837016096e+6 3.230002703763331e+6 1.06704265e+4
-3.6400611807062105e+6 2.9283598715940123e+6 1.0713627e+4
-3.877987204707783e+6 2.605101183633585e+6 1.0756827e+4
-4.087287644473657e+6 2.2626127923662442e+6 1.0800027e+4
-4.2664175368431134e+6 1.9034227954303606e+6 1.0843228e+4
-4.414054624275704e+6 1.5301825743213338e+6 1.0886428e+4
-4.529109115170908e+6 1.1456472230674622e+6 1.0929628e+4
-4.61073172822712e+6 7.526552113459055e+5 1.09728284e+4
-4.658319961460136e+6 3.541074321564421e+5 1.10160284e+4
-4.6715225396059745e+6 -4.7054211285944275e+4 1.1059228e+4
-4.650242007079328e+6 -4.478685213778816e+5 1.1102429e+4
-4.594635447347544e+6 -8.45376864376963e+5 1.1145629e+4
-4.505113323410011e+6 -1.2366450097259118e+6 1.1188829e+4
-4.3823364479420834e+6 -1.6187847892430757e+6 1.123203e+4
-4.2272111054685396e+6 -1.9889754163010265e+6 1.12752296e+4
-4.040882362572553e+6 -2.34448430762427e+6 1.13184296e+4
-3.824725615521232e+6 -2.682687254008958e+6 1.13616295e+4
-3.580336437699487e+6 -3.001087791073053e+6 1.140483e+4
-3.3095188017938526e+6 -3.2973356270509335e+6 1.144803e+4
-3.0142717636650007e+6 -3.5692439916063845e+6 1.149123e+4
-2.6967747062025743e+6 -3.8148057776028926e+6 1.1534431e+4
-2.359371252085884e+6 -4.0322083566796346e+6 1.1577631e+4
-2.004551964199086e+6 -4.219846959271387e+6 1.1620831e+4
-1.6349359613988423e+6 -4.3763365203068233e+6 1.16640314e+4
-1.25325158533884e+6 -4.500521903145465e+6 1.17072314e+4
-8.623162610598549e+5 -4.5914864262848626e+6 1.1750431e+4
-4.650157000057862e+5 -4.6485586298974996e+6 1.1793632e+4
-6.428259897960593e+4 -4.6713172322498947e+6 1.1836832e+4
3.3692500772564055e+5 -4.6595942394177914e+6 1.1880032e+4
7.35645583226129e+5 -4.6134761853429224e+6 1.1923233e+4
1.1289359488010273e+6 -4.5333034930777705e+6 1.1966433e+4
1.5138930091345348e+6 -4.419667961933337e+6 1.20096326e+4
1.887675181679812e+6 -4.273408399078712e+6 1.2052833e+4
2.2475233719630544e+6 -4.0956044278379977e+6 1.2096033e+4
2.590781339997043e+6 -3.8875685183890346e+6 1.2139233e+4
2.9149153074685114e+6 -3.650836299689723e+6 1.2182434e+4
3.2175326609675176e+6 -3.387155224145135e+6 1.2225634e+4
3.496399613200166e+6 -3.098471668687664e+6 1.2268834e+4
3.7494576918171857e+6 -2.786916567484454e+6 1.23120345e+4
3.9748389341452844e+6 -2.4547896823249782e+6 1.23552345e+4
4.170879675660348e+6 -2.1045426267980002e+6 1.23984344e+4
4.336132830422261e+6 -1.7387607695656762e+6 1.2441635e+4
4.469378572822493e+6 -1.3601441503170078e+6 1.2484835e+4
4.5696333417965657e+6 -9.714875492704688e+5 1.2528035e+4
4.636157101036256e+6 -5.756598573441546e+5 1.2571235e+4
4.6684588016099204e+6 -1.755828992734072e+5 1.2614435e+4
4.6663000066682586e+6 2.2579013400546147e+5 1.2657636e+4
4.629696651479538e+6 6.254964845029506e+5 1.2700836e+4
4.558918925802505e+6 1.0205856969437359e+6 1.2744036e+4
4.4544892794652396e+6 1.4081413977209967e+6 1.2787236e+4
4.3171785658718664e+6 1.7853028222749562e+6 1.2830436e+4
4.1480003519041103e+6 2.149285931989917e+6 1.2873636e+4
3.948203436219403e+6 2.4974039647345184e+6 1.2916838e+4
3.71926263117222e+6 2.827087267349964e+6 1.2960038e+4
3.46286787640234e+6 3.1359022636917655e+6 1.3003238e+4
3.180911764448847e+6 3.421569418211081e+6 1.3046438e+4
2.875475570470073e+6 3.681980062476737e+6 1.3089637e+4
2.5488138891920686e+6 3.915211960431771e+6 1.3132837e+4
2.2033379924886906e+6 4.1195434974888057e+6 1.3176037e+4
1.8415980304405086e+6 4.293466388726483e+6 1.3219239e+4
1.4662642072561533e+6 4.435696812380877e+6 1.3262439e+4
1.0801070710073372e+6 4.5451848864492134e+6 1.3305639e+4
6.859770626698225e+5 4.6211224184539057e+6 1.3348839e+4
2.8678347543050836e+5 4.662948871161509e+6 1.3392039e+4
-1.1452702042659954e+5 4.670355500220363e+6 1.3435239e+4
-5.149921285355044e+5 4.6432876331746736e+6 1.347844e+4
-9.116557928082487e+5 4.581945073032364e+6 1.352164e+4
-1.3015900177318104e+6 4.486780623407756e+6 1.356484e+4
-1.6819164815344273e+6 4.358496746125807e+6 1.360804e+4
-2.04982778268226e+6 4.198040375959993e+6 1.365124e+4
-2.4026081628743623e+6 4.006595930779129e+6 1.369444e+4
-2.7376535535677304e+6 3.785576568699194e+6 1.3737641e+4
-3.05249079805818e+6 3.536613756775898e+6 1.3780841e+4
-3.3447959072279004e+6 3.261545228237358e+6 1.3824041e+4
-3.612411214204035e+6 2.962401417151181e+6 1.3867241e+4
-3.8533613012999657e+6 2.6413904706593877e+6 1.3910441e+4
-4.065867581673946e+6 2.3008819494140179e+6 1.3953641e+4
-4.24836142806952e+6 1.943389336529739e+6 1.3996843e+4
-4.3994957517273214e+6 1.5715514841645012e+6 1.4040042e+4
-4.518154945997706e+6 1.1881131346815677e+6 1.4083242e+4
-4.603463121255042e+6 7.959046601768172e+5 1.4126442e+4
-4.6547905703270565e+6 3.978211699252706e+5 1.4169642e+4
-4.6717584167142967e+6 -3.1988600334239475e+3 1.4212842e+4
-4.654241411288696e+6 -4.0419527742391975e+5 1.4256042e+4
-4.6023688568271587e+6 -8.022081042683756e+5 1.4299244e+4
-4.5165236535557207e+6 -1.1942993861331716e+6 1.4342444e+4
-4.397339472749651e+6 -1.5775748788074087e+6 1.4385644e+4
-4.245696079252701e+6 -1.9492054123320682e+6 1.4428844e+4
-4.062712837442634e+6 -2.306447774679758e+6 1.4472044e+4
-3.849740448579045e+6 -2.646664960931172e+6 1.4515243e+4
-3.608350980524849e+6 -2.967345638477552e+6 1.4558445e+4
-3.340326263437454e+6 -3.2661226845659613e+6 1.4601645e+4
-3.047644737087619e+6 -3.540790659351175e+6 1.4644845e+4
-2.7324668468931335e+6 -3.7893220854760135e+6 1.4688045e+4
-2.3971190964675432e+6 -4.009882414011291e+6 1.4731245e+4
-2.044076874400683e+6 -4.200843566283649e+6 1.4774445e+4
-1.6759461820363214e+6 -4.360795951631338e+6 1.4817646e+4
-1.295444397124212e+6 -4.4885588723782915e+6 1.4860846e+4
-9.053802153409851e+5 -4.5831892392214724e+6 1.4904046e+4
-5.086329177423922e+5 -4.64398853269851e+6 1.4947246e+4
-1.0813111718563066e+5 -4.6705079593490234e+6 1.4990446e+4
2.9316885939394055e+5 -4.66255176450922e+6 1.5033646e+4
6.923047932789731e+5 -4.6201786772861225e+6 1.5076847e+4
1.0863304397569917e+6 -4.5437014770453144e+6 1.5120047e+4
1.4723372759941286e+6 -4.4336846846121764e+6 1.5163247e+4
1.8474759704627502e+6 -4.290940395229129e+6 1.5206447e+4
2.2089774154449132e+6 -4.1165222840281945e+6 1.5249647e+4
2.5541731673593315e+6 -3.9117178282677795e+6 1.5292847e+4
2.88051514403025e+6 -3.6780388037456563e+6 1.5336047e+4
3.1855944335016034e+6 -3.417210125539545e+6 1.5379249e+4
3.467159075558379e+6 -3.131157115447826e+6 1.5422449e+4
3.723130684699657e+6 -2.8219912901166533e+6 1.5465648e+4
3.951619791860029e+6 -2.491994774759068e+6 1.5508848e+4
4.1509397916334584e+6 -2.1436034575173585e+6 1.5552048e+4
4.319619392047542e+6 -1.7793890088154457e+6 1.5595248e+4
4.4564134749892925e+6 -1.4020398984266638e+6 1.563845e+4
4.5603122871156887e+6 -1.0143415503803799e+6 1.568165e+4
4.630548893405663e+6 -6.1915578219539e+5 1.572485e+4
4.6666048383348285e+6 -2.193996802102444e+5 1.576805e+4
4.6682139728845645e+6 1.8197593305628282e+5 1.581125e+4
4.6353644191362037e+6 5.820082805703642e+5 1.585445e+4
4.568298657948578e+6 9.777445006910622e+5 1.5897651e+4
4.4675117390716884e+6 1.3662634438873972e+6 1.5940851e+4
4.3337476269086905e+6 1.7446972353705636e+6 1.5984051e+4
4.167993708900094e+6 2.1102524444756904e+6 1.6027251e+4
3.971473507066966e+6 2.4602307045298824e+6 1.6070451e+4
3.745637646513164e+6 2.7920486310001336e+6 1.6113651e+4
3.4921531475532247e+6 3.1032568908939034e+6 1.6156852e+4
3.2128911205065647e+6 3.3915582826506846e+6 1.6200052e+4
2.9099129539898166e+6 3.6548246930665024e+6 1.6243252e+4
2.58545509865877e+6 3.89111280608334e+6 1.6286452e+4
2.2419125587200717e+6 4.0986784474876303e+6 1.6329652e+4
1.8818212130708564e+6 4.2759894596318776e+6 1.6372852e+4
1.5078390965635355e+6 4.42173701114402e+6 1.6416053e+4
1.1227355897411055e+6 4.534843076929464e+6 1.6459252e+4
7.293449204352553e+5 4.614476451763697e+6 1.6502452e+4
3.305707931564572e+5 4.6600493438973684e+6 1.654565e+4
-7.064335107752826e+4 4.6712253696214373e+6 1.658885e+4
-4.71336060938094e+5 4.6479220361905543e+6 1.6632049e+4
-8.68549733920327e+5 4.5903113507204846e+6 1.6675249e+4
-1.259352447068685e+6 4.498818550565083e+6 1.6718447e+4
-1.6408595981558483e+6 4.374118964544314e+6 1.6761647e+4
-2.0102551975770191e+6 4.217133028191187e+6 1.6804846e+4
-2.3648126537989514e+6 4.0290194898112314e+6 1.6848046e+4
-2.701914898941844e+6 3.811166857502105e+6 1.6891244e+4
-3.0190737059426653e+6 3.565183150264796e+6 1.6934444e+4
-3.313948054715557e+6 3.2928840288557637e+6 1.6977642e+4
-3.5843614117447503e+6 2.9962793939887467e+6 1.7020842e+4
-3.828317795565069e+6 2.677558550808217e+6 1.7064041e+4
-4.044016509547619e+6 2.339074049138394e+6 1.7107241e+4
-4.229865433244298e+6 1.983324318786873e+6 1.715044e+4
-4.3844927741848977e+6 1.612935228075451e+6 1.719364e+4
-4.5067571933841194e+6 1.23064070171878e+6 1.7236838e+4
-4.595756229819873e+6 8.392625411146463e+5 1.7280038e+4
-4.650832961699949e+6 4.416895959966407e+5 1.7323236e+4
-4.671580855348627e+6 4.0856441188387077e+4 1.7366436e+4
-4.657846765922701e+6 -3.6027828414966573e+5 1.7409635e+4
-4.609732067807799e+6 -7.587537148975428e+5 1.7452835e+4
-4.527591906351377e+6 -1.151628614783381e+6 1.7496033e+4
-4.4120325764554913e+6 -1.5360030863061153e+6 1.7539233e+4
-4.2639070473784874e+6 -1.9090399755276127e+6 1.7582431e+4
-4.0843086667781997e+6 -2.267985813740217e+6 1.7625631e+4
-3.8745630904683365e+6 -2.61019114143521e+6 1.766883e+4
-3.6362184974564393e+6 -2.933130064555956e+6 1.771203e+4
-3.3710341624883894e+6 -3.2344188986868405e+6 1.7755228e+4
-3.0809674704480533e+6 -3.511833763561042e+6 1.7798428e+4
-2.76815946846172e+6 -3.763326998018126e+6 1.7841627e+4
-2.434919062350317e+6 -3.9870422742491013e+6 1.7884827e+4
-2.0837059740793257e+6 -4.1813282997670154e+6 1.7928025e+4
-1.7171125860007458e+6 -4.3447510059661903e+6 1.7971225e+4
-1.3378448058992004e+6 -4.4761041333033036e+6 1.8014424e+4
-9.487020940814143e+5 -4.5744181349688545e+6 1.8057624e+4
-5.525567999336011e+5 -4.638967333328995e+6 1.8100822e+4
-1.5233296046828596e+5 -4.6692752763144474e+6 1.8144022e+4
2.4901528264696532e+5 -4.6651182542197844e+6 1.818722e+4
6.485254882696792e+5 -4.6265269509547824e+6 1.823042e+4
1.0432487822232177e+6 -4.553786217559643e+6 1.8273619e+4
1.4302716235965474e+6 -4.447432969655741e+6 1.8316819e+4
1.8067373102413062e+6 -4.3082522243513555e+6 1.8360017e+4
2.169867064729252e+6 -4.1372713058548205e+6 1.8403217e+4
2.516980545129893e+6 -3.9357522625648095e+6 1.8446416e+4
2.8455156292138417e+6 -3.7051825516087794e+6 1.8489616e+4
3.153047326049824e+6 -3.4472640595893506e+6 1.8532814e+4
3.437305675405199e+6 -3.163900540578607e+6 1.8576014e+4
3.696192502830077e+6 -2.85718356408354e+6 1.8619213e+4
3.9277969067521823e+6 -2.529377076703744e+6 1.8662412e+4
4.130409363268708e+6 -2.182900691435271e+6 1.8705611e+4
4.302534344524631e+6 -1.8203118279658556e+6 1.8748811e+4
4.442901357538189e+6 -1.4442868357884134e+6 1.879201e+4
4.5504743219937804e+6 -1.0576012394667626e+6 1.883521e+4
4.624459217782475e+6 -6.631092518681163e+5 1.8878408e+4
4.664309945842015e+6 -2.637227065795714e+5 1.8921608e+4
4.669732359036129e+6 1.3761043498681685e+5 1.8964806e+4
4.640686433320334e+6 5.379278431564845e+5 1.9008006e+4
4.5773865631683436e+6 9.342746856103327e+5 1.9051205e+4
4.4802999790785264e+6 1.323725437662714e+6 1.9094405e+4
4.3501432988410943e+6 1.7034054762135506e+6 1.9137603e+4
4.187877238021925e+6 2.0705122979843044e+6 1.9180803e+4
3.9946995187061124e+6 2.4223362054214417e+6 1.9224001e+4
3.772036028843387e+6 2.756280307580091e+6 1.9267201e+4
3.5215302974502904e+6 3.0698796883568674e+6 1.93104e+4
3.245031363354847e+6 3.360819600587001e+6 1.93536e+4
2.944580127027569e+6 3.626952551710691e+6 1.9396798e+4
2.622394286238563e+6 3.866314154896072e+6 1.9439998e+4
2.2808519667343297e+6 4.077137628617721e+6 1.9483197e+4
1.9224741687597696e+6 4.2578668376662304e+6 1.9526397e+4
1.5499061589915952e+6 4.407167779330203e+6 1.9569595e+4
1.16589794523326e+6 4.523938429968654e+6 1.9612795e+4
7.732839779925208e+5 4.6073168792938973e+6 1.9655994e+4
3.7496222876820046e+5 4.6566876923241884e+6 1.9699194e+4
-2.61272005255332e+4 4.6716864520469575e+6 1.9742392e+4
-4.270237791089389e+5 4.6522024492622743e+6 1.9785592e+4
-8.247683996764988e+5 4.5983794997522176e+6 1.982879e+4
-1.216425220229701e+6 4.510614882744426e+6 1.987199e+4
-1.5991033341835503e+6 4.3895564085052424e+6 1.9915189e+4
-1.969978108794417e+6 4.2360976367072983e+6 1.9958389e+4
-2.3263120344061666e+6 4.0513712808657065e+6 2.0001587e+4
-2.665474930621132e+6 3.836740847526278e+6 2.0044787e+4
-2.9849633602498604e+6 3.5937905719187724e+6 2.0087986e+4
-3.282419107740891e+6 3.3243137243623505e+6 2.0131186e+4
-3.5556465856971253e+6 3.0302993737363254e+6 2.0174384e+4
-3.802629040997528e+6 2.713917705717808e+6 2.0217584e+4
-4.021543440902816e+6 2.377504004156024e+6 2.0260783e+4
-4.2107739292679186e+6 2.023541413819842e+6 2.0303982e+4
-4.368923753537532e+6 1.6546426117509216e+6 2.0347181e+4
-4.4948255744891175e+6 1.2735305225101454e+6 2.0390381e+4
-4.587550082624761e+6 8.830182196625009e+5 2.043358e+4
-4.646412857612447e+6 4.8598816185183147e+5 2.047678e+4
-4.670979420145546e+6 8.537091672913122e+4 2.0519978e+4
-4.6610684389317814e+6 -3.1587647022282733e+5 2.0563178e+4
-4.6167530691400477e+6 -7.147923023035009e+5 2.0606376e+4
-4.5383604124257404e+6 -1.1084320925402949e+6 2.0649576e+4
-4.426469102520286e+6 -1.4938902976054302e+6 2.0692775e+4
-4.281905034206177e+6 -1.868321764281031e+6 2.0735975e+4
-4.1057352672028197e+6 -2.2289627301714537e+6 2.0779175e+4
-3.8992601499601737e+6 -2.573151223651451e+6 2.0822373e+4
-3.6640037214959803e+6 -2.898346712474199e+6 2.0865573e+4
-3.4017024621229397e+6 -3.2021488560079653e+6 2.0908771e+4
-3.114292476099162e+6 -3.4823152226871334e+6 2.0951971e+4
-2.803895200809638e+6 -3.7367778419011033e+6 2.099517e+4
-2.4728017479624775e+6 -3.963658468147843e+6 2.103837e+4
-2.1234559923808807e+6 -4.161282444784074e+6 2.1081568e+4
-1.7584365332166704e+6 -4.328191065040374e+6 2.1124768e+4
-1.3804376607331506e+6 -4.463152339062154e+6 2.1167967e+4
-9.922494691461308e+5 -4.565170087502284e+6 2.1211167e+4
-5.967372623145265e+5 -4.633491294543646e+6 2.1254365e+4
-1.968204042917614e+5 -4.6676116660772904e+6 2.1297565e+4
2.0454922915318224e+5 -4.667279352010037e+6 2.1340764e+4
6.044090389911229e+5 -4.632496805226337e+6 2.1383964e+4
9.998075705384891e+5 -4.5635207634829833e+6 2.1427162e+4
1.3878262988045534e+6 -4.4608603543703146e+6 2.1470362e+4
1.7656011707770716e+6 -4.3252733373275987e+6 2.151356e+4
2.1303437456381033e+6 -4.15776051045115e+6 2.155676e+4
2.4793617768692816e+6 -3.9595583233797665e+6 2.1599959e+4
2.8100790843255946e+6 -3.7321297507833545e+6 2.1643159e+4
3.120054569597008e+6 -3.477153493819797e+6 2.1686357e+4
3.407000234301897e+6 -3.196511589266212e+6 2.1729557e+4
3.668798068314771e+6 -2.892275517784604e+6 2.1772756e+4
3.903515683272689e+6 -2.566690913859817e+6 2.1815956e+4
4.109420575965948e+6 -2.2221609902691772e+6 2.1859154e+4
4.2849929163317185e+6 -1.8612287994315435e+6 2.1902354e+4
4.4289367656597045e+6 -1.4865584625685405e+6 2.1945553e+4
4.540189642205507e+6 -1.100915505230177e+6 2.1988752e+4
4.61793036360606e+6 -7.071464443321475e+5 2.2031951e+4
4.661585108210286e+6 -3.0815777737789163e+5 2.2075151e+4
4.670831650585048e+6 9.310547104950431e+4 2.211835e+4
4.645601739933121e+6 4.9368148717239974e+5 2.216155e+4
4.586081603867607e+6 8.906135298284574e+5 2.2204748e+4
4.4927105738242495e+6 1.2809717548385585e+6 2.2247948e+4
4.366177842257875e+6 1.661874840841739e+6 2.2291146e+4
4.207417375558741e+6 2.030511256972684e+6 2.2334346e+4
4.017601020237726e+6 2.3841600153998e+6 2.2377545e+4
3.7981298532651603e+6 2.7202107555449373e+6 2.2420745e+4
3.5506238404083823e+6 3.036183011738592e+6 2.2463943e+4
3.2769098789020235e+6 3.329744522091856e+6 2.2507143e+4
2.9790083127110667e+6 3.598728443442872e+6 2.2550341e+4
2.6591180199201203e+6 3.8411493453109175e+6 2.2593541e+4
2.3196001823225193e+6 4.055217864802793e+6 2.263674e+4
1.9629608570094442e+6 4.23935391430052e+6 2.267994e+4
1.5918324786020588e+6 4.3921983444414275e+6 2.2723138e+4
1.2089544286628692e+6 4.512622976303563e+6 2.2766338e+4
8.17152815707631e+5 4.5997389287466617e+6 2.2809537e+4
4.19319615066538e+5 4.652903179442577e+6 2.2852737e+4
1.8391322567402937e+4 4.671723311166942e+6 2.2895935e+4
-3.826727203967513e+5 4.6560604083184465e+6 2.2939135e+4
-7.809121704283598e+5 4.6060300822859657e+6 2.2982334e+4
-1.173387533082002e+6 4.5220016180950356e+6 2.3025534e+4
-1.5572018599302792e+6 4.4045952486325085e+6 2.3068732e+4
-1.9295221315881747e+6 4.2546775765688544e+6 2.3111932e+4
-2.2876001688625375e+6 4.0733551777701e+6 2.315513e+4
-2.6287929176774555e+6 3.8619664334138437e+6 2.319833e+4
-2.9505819580474657e+6 3.622071651098467e+6 2.3241529e+4
-3.250592093098704e+6 3.3554415478637944e+6 2.3284729e+4
-3.526608880928232e+6 3.0640441801326096e+6 2.3327927e+4
-3.776594979894957e+6 2.750030417046074e+6 2.3371127e+4
-3.998705186694006e+6 2.415718064417461e+6 2.3414326e+4
-4.191300056214873e+6 2.0635747564892326e+6 2.3457526e+4
-4.3529580026525133e+6 1.6961997417727184e+6 2.3500724e+4
-4.482485792550087e+6 1.3163046974135634e+6 2.3543924e+4
-4.5789273523219626e+6 9.266937136962636e+5 2.3587123e+4
-4.641570825246673e+6 5.30242596426683e+5 2.3630323e+4
-4.669953825840596e+6 1.29877639966106e+5 2.3673521e+4
-4.663866852828593e+6 -2.7144597240170065e+5 2.3716721e+4
-4.6233548355197923e+6 -6.707659813393517e+5 2.375992e+4
-4.548716802174309e+6 -1.0651349165544784e+6 2.380312e+4
-4.440503672808778e+6 -1.451641852737147e+6 2.3846318e+4
-4.2995141927325026e+6 -1.8274338957505878e+6 2.3889518e+4
-4.1267890368296994e+6 -2.1897372404808288e+6 2.3932716e+4
-3.923603128105383e+6 -2.535877644912713e+6 2.3975916e+4
-3.691456227193616e+6 -2.863300169308113e+6 2.4019115e+4
-3.4320618622887983e+6 -3.169588034787666e+6 2.4062315e+4
-3.147334681210855e+6 -3.4524804621161514e+6 2.4105513e+4
-2.8393763189614735e+6 -3.709889359019644e+6 2.4148713e+4
-2.5104598850861304e+6 -3.939914732861578e+6 2.4191912e+4
-2.1630131853441986e+6 -4.1408587149133125e+6 2.4235111e+4
-1.799600801531548e+6 -4.311238092703e+6 2.427831e+4
-1.4229051617289235e+6 -4.4497952579384564e+6 2.432151e+4
-1.0357067407002543e+6 -4.5555074891952974e+6 2.4364708e+4
-6.408635365866063e+5 -4.627594500852479e+6 2.4407908e+4
-2.41289975382722e+5 -4.665524202554971e+6 2.4451107e+4
1.6006460109301357e+5 -4.6690166266916766e+6 2.4494307e+4
5.602377049502759e+5 -4.6380459948989766e+6 2.4537505e+4
9.562755690122702e+5 -4.5728409083365945e+6 2.4580705e+4
1.3452549492319937e+6 -4.4738826603313164e+6 2.4623904e+4
1.724304701810287e+6 -4.341901683843305e+6 2.4667104e+4
2.090626975750335e+6 -4.1778721599770613e+6 2.4710302e+4
2.4415178644216046e+6 -3.9830048273328217e+6 2.4753502e+4
2.774387363699375e+6 -3.758738045274188e+6 2.47967e+4
3.086778489364534e+6 -3.506727177075912e+6 2.48399e+4
3.3763854126534343e+6 -3.228832371317453e+6 2.4883099e+4
3.641070480095794e+6 -2.927104831710231e+6 2.4926299e+4
3.878879992013012e+6 -2.6037716767043007e+6 2.4969497e+4
4.0880586232124366e+6 -2.261219500628992e+6 2.5012696e+4
4.26706237943518e+6 -1.9019767577064056e+6 2.5055897e+4
4.414569993923042e+6 -1.5286950989653583e+6 2.5099096e+4
4.529492679983996e+6 -1.1441297998119766e+6 2.5142294e+4
4.6109821675701906e+6 -7.511194227259083e+5 2.5185496e+4
4.658436964548938e+6 -3.525648651956998e+5 2.5228694e+4
4.6715067964506557e+6 4.8592052454308016e+4 2.5271893e+4
4.650095191923057e+6 4.4939030129772306e+5 2.531509e+4
4.59436019480779e+6 8.468714998227966e+5 2.5358292e+4
4.504713197583474e+6 1.2381017504081238e+6 2.540149e+4
4.381815904785835e+6 1.6201932950769446e+6 2.544469e+4
4.2265754488185225e+6 1.990325830684739e+6 2.5487888e+4
4.0401376942059697e+6 2.3457673262074538e+6 2.553109e+4
3.823878779711065e+6 2.683894188473496e+6 2.5574288e+4
3.5793949607471787e+6 3.002210627491698e+6 2.5617486e+4
3.308490827059982e+6 3.29836707843538e+6 2.5660685e+4
3.0131659826468554e+6 3.5701775443059136e+6 2.5703886e+4
2.695600286232709e+6 3.8156357312653066e+6 2.5747085e+4
2.3581377612451349e+6 4.032929857539823e+6 2.5790283e+4
2.003269294053276e+6 4.2204560265864255e+6 2.5833482e+4
1.6336142481784574e+6 4.376830065811869e+6 2.5876683e+4
1.2519011301862254e+6 4.5008977434601694e+6 2.591988e+4
8.609474499691988e+5 4.5917432882553355e+6 2.596308e+4
4.636389240762974e+5 4.6486961489139905e+6 2.6006278e+4
6.290817559370836e+4 4.6713359436343116e+6 2.604948e+4
-3.382869122021119e+5 4.659495563028164e+6 2.6092678e+4
-7.369850286423882e+5 4.6132624035928604e+6 2.6135877e+4
-1.1302432937623583e+6 4.5329777226180595e+6 2.6179075e+4
-1.5151589803564583e+6 4.419234119289401e+6 2.6222277e+4
-1.8888909396569778e+6 4.2728711605813924e+6 2.6265475e+4
-2.248680572488652e+6 4.09496918422575e+6 2.6308674e+4
-2.5918721911059367e+6 3.8868413244970657e+6 2.6351872e+4
-2.915932621418318e+6 3.650023819675001e+6 2.6395074e+4
-3.2184699009147794e+6 3.3862646727259815e+6 2.6438272e+4
-3.497250934274046e+6 3.0975107489023673e+6 2.648147e+4
-3.7502179763405563e+6 2.785893405494642e+6 2.652467e+4
-3.975503820801743e+6 2.4537127598064803e+6 2.656787e+4
-4.1714455824552954e+6 2.1034207114746672e+6 2.661107e+4
-4.3365969713368174e+6 1.7376028444494243e+6 2.6654267e+4
-4.469738968109498e+6 1.3589593422210378e+6 2.6697466e+4
-4.569888821918454e+6 9.702850571616337e+5 2.6740667e+4
-4.63630730429459e+6 5.744488810947598e+5 2.6783866e+4
-4.668504165565246e+6 1.7437256936325288e+5 2.6827064e+4
-4.66624175349668e+6 -2.2699082530051856e+5 2.6870263e+4
-4.6295367674583504e+6 -6.266787499171129e+5 2.6913464e+4
-4.5586601351611333e+6 -1.0217410185262517e+6 2.6956663e+4
-4.454135012879305e+6 -1.409261588169159e+6 2.699986e+4
-4.316732923917073e+6 -1.786380082853799e+6 2.704306e+4
-4.147468063822522e+6 -2.1503129066297896e+6 2.708626e+4
-3.947589814383468e+6 -2.4983737899326214e+6 2.712946e+4
-3.7185735216609983e+6 -2.827993617540201e+6 2.7172658e+4
-3.462109606130336e+6 -3.136739391786708e+6 2.7215856e+4
-3.1800910853091885e+6 -3.422332191062612e+6 2.7259058e+4
-2.874599600972108e+6 -3.682663991044715e+6 2.7302256e+4
-2.547890054086993e+6 -3.9158132244951327e+6 2.7345455e+4
-2.2023739608867793e+6 -4.1200589647788133e+6 2.7388653e+4
-1.8406016529286787e+6 -4.293893628407975e+6 2.7431855e+4
-1.4652434525267582e+6 -4.436034102852891e+6 2.7475053e+4
-1.0790699625056169e+6 -4.545431217482508e+6 2.7518252e+4
-6.849316157613312e+5 -4.621277487727497e+6 2.756145e+4
-2.857376355787627e+5 -4.6630130753044485e+6 2.760465e+4
1.1556543799614731e+5 -4.6703299205074533e+6 2.764785e+4
5.160154972274044e+5 -4.643174016065685e+6 2.7691048e+4
9.126567306687575e+5 -4.581745805783141e+6 2.7734247e+4
1.3025614406688402e+6 -4.486498705018102e+6 2.7777448e+4
1.6828516533624385e+6 -4.3581357539229665e+6 2.7820647e+4
2.0507203616392017e+6 -4.1976044281476516e+6 2.7863845e+4
2.403452244290903e+6 -4.0060896453099265e+6 2.7907044e+4
2.7384437084045465e+6 -3.7850050188534684e+6 2.7950245e+4
3.053222107063919e+6 -3.535982423850909e+6 2.7993444e+4
3.345463990509578e+6 -3.2608599517688774e+6 2.8036642e+4
3.6130122560409983e+6 -2.9616683431039226e+6 2.807984e+4
3.8538920700741397e+6 -2.640615998032666e+6 2.8123042e+4
4.0663254448297725e+6 -2.300072675716214e+6 2.816624e+4
4.248744362058908e+6 -1.942552002577801e+6 2.820944e+4
4.3998023469361724e+6 -1.5706929186640312e+6 2.8252637e+4
4.5183844066916673e+6 -1.1872401990380795e+6 2.829584e+4
4.603615260621897e+6 -7.950241939812762e+5 2.8339037e+4
4.654865800732445e+6 -3.969399375445624e+5 2.8382236e+4
4.671757735324769e+6 4.074221345274048e+3 2.8425434e+4
4.654166381251827e+6 4.0505830749617694e+5 2.8468636e+4
4.602221584232268e+6 8.030525676897018e+5 2.8511834e+4
4.5163067604301604e+6 1.195119317281427e+6 2.8555033e+4
4.3970560663744945e+6 1.5783646239084442e+6 2.859823e+4
4.2453497181080674e+6 1.9499596682511527e+6 2.8641433e+4
4.0623074941159787e+6 2.3071616241814424e+6 2.868463e+4
3.8492804699902117e+6 2.647333904175733e+6 2.872783e+4
3.607841045838521e+6 2.967965620557152e+6 2.8771028e+4
3.339771340047579e+6 3.2666901189190245e+6 2.881423e+4
3.0470500350686236e+6 3.541302446930323e+6 2.8857428e+4
2.731837772319661e+6 3.7897756295820395e+6 2.8900626e+4
2.3964612040080882e+6 4.0102756307429166e+6 2.8943825e+4
2.0433958195903043e+6 4.2011748905904e+6 2.8987026e+4
1.6752476736304273e+6 4.361064338993663e+6 2.9030225e+4
1.2947341499287185e+6 4.4887637961753735e+6 2.9073423e+4
9.046639039040216e+5 4.5833306838825766e+6 2.9116622e+4
5.079161312800033e+5 4.644066982767576e+6 2.9159823e+4
1.0741931609746554e+5 4.6705243846248723e+6 2.9203022e+4
-2.9387038508110896e+5 4.6625076014542516e+6 2.924622e+4
-6.929909632244068e+5 4.6200758069252174e+6 2.9289418e+4
-1.086996420083354e+6 4.5435421996029e+6 2.933262e+4
-1.472978513263054e+6 4.4334716911593963e+6 2.9375818e+4
-1.8480882226102913e+6 4.290676736634389e+6 2.9419017e+4
-2.209556779468577e+6 4.1162113375227516e+6 2.9462218e+4
-2.5547161035786414e+6 3.911363261953862e+6 2.9505417e+4
-2.8810184967756597e+6 3.677644539386985e+6 2.9548615e+4
-3.1860554481191566e+6 3.4167802999836894e+6 2.9591814e+4
-3.467575411650912e+6 3.1306960410363066e+6 2.9635015e+4
-3.723500425559229e+6 2.8215034144417805e+6 2.9678214e+4
-3.95194145007978e+6 2.49148464012679e+6 2.9721412e+4
-4.1512123109206484e+6 2.14307566047194e+6 2.976461e+4
-4.3198421452917796e+6 1.7788481600764322e+6 2.9807812e+4
-4.456586258672259e+6 1.401490583578781e+6 2.985101e+4
-4.560435312178925e+6 1.0137882916456997e+6 2.989421e+4
-4.630622772722399e+6 6.186030016020893e+5 2.9937407e+4
-4.6666305709592515e+6 2.1885166445544696e+5 2.998061e+4
-4.668192925277691e+6 -1.8251506577184948e+5 3.0023807e+4
-4.6352983035910783e+6 -5.825346114799173e+5 3.0067006e+4
-4.568189508458838e+6 -9.782543389390034e+5 3.0110204e+4
-4.467361884906468e+6 -1.3667533523395214e+6 3.0153406e+4
-4.3335596641731217e+6 -1.7451640535772367e+6 3.0196604e+4
-4.16777047037439e+6 -2.1106933086361998e+6 3.0239803e+4
-3.97121803062784e+6 -2.4606430643355676e+6 3.0283e+4
-3.7453531424494146e+6 -2.792430263263647e+6 3.0326203e+4
-3.4918429650925964e+6 -3.10360590990218e+6 3.03694e+4
-3.212558713873041e+6 -3.391873147210076e+6 3.04126e+4
-2.9095618483098606e+6 -3.655104210238895e+6 3.0455798e+4
-2.585088856031873e+6 -3.8913561316417977e+6 3.0499e+4
-2.2415347447622302e+6 -4.0988850831500645e+6 3.0542198e+4
-1.8814353642308151e+6 -4.2761592471595405e+6 3.0585396e+4
-1.5074486885001248e+6 -4.421870123419009e+6 3.0628595e+4
-1.1223351968644543e+6 -4.5349421873631e+6 3.0671796e+4
-7.289374981347323e+5 -4.614540828799705e+6 3.0714995e+4
-3.3015934870718106e+5 -4.6600785123544475e+6 3.0758193e+4
7.105578071205966e+4 -4.6712191142006804e+6 3.0801392e+4
4.717464315225097e+5 -4.647880403064623e+6 3.0844593e+4
8.689550164175658e+5 -4.590234647192792e+6 3.0887792e+4
1.259749649997995e+6 -4.4987073428015206e+6 3.093099e+4
1.6412457896735747e+6 -4.373974073394258e+6 3.0974188e+4
2.0106275271172e+6 -4.216955523128618e+6 3.101739e+4
2.36516837311398e+6 -4.0288106810407165e+6 3.1060588e+4
2.702251382387902e+6 -3.8109282862878785e+6 3.1103787e+4
3.0193884698601575e+6 -3.564916577554365e+6 3.1146985e+4
3.3142387757616637e+6 -3.292591422281881e+6 3.1190187e+4
3.5846259440423855e+6 -2.9959629133459953e+6 3.1233385e+4
3.8285541865421824e+6 -2.677220532111001e+6 3.1276584e+4
4.0442230143495417e+6 -2.3387169873783148e+6 3.1319782e+4
4.2300405276129033e+6 -1.9829508495166356e+6 3.1362984e+4
4.38463516570949e+6 -1.6125481079552648e+6 3.1406182e+4
4.506865831041002e+6 -1.2302427881688623e+6 3.144938e+4
4.595830311730222e+6 -8.388567712238367e+5 3.149258e+4
4.6508719410486066e+6 -4.412789648432845e+5 3.153578e+4
4.671584444420304e+6 -4.0443979732863017e+4 3.157898e+4
4.657814938225656e+6 3.606895314371088e+5 3.1622177e+4
4.6096650582693827e+6 7.591607125087025e+5 3.1665376e+4
4.5274902095839786e+6 1.1520283585778657e+6 3.1708577e+4
4.4118969431056937e+6 1.536392625685577e+6 3.1751776e+4
4.26373847858638e+6 1.9094164352147727e+6 3.1794974e+4
4.084108406787739e+6 2.26834641500193e+6 3.1838173e+4
3.874332617443297e+6 2.610533222592917e+6 3.1881374e+4
3.635959512569764e+6 2.933451100632126e+6 3.1924573e+4
3.370748577365448e+6 3.234716520042397e+6 3.196777e+4
3.080657393056509e+6 3.512105773386198e+6 3.201097e+4
2.767827187552146e+6 3.763571388547528e+6 3.205417e+4
2.434567030562421e+6 3.9872572415815943e+6 3.209737e+4
2.083336789838465e+6 4.1815122571806423e+6 3.2140568e+4
1.716728974338399e+6 4.344902595630127e+6 3.2183766e+4
1.3374495983388113e+6 4.476222236300354e+6 3.2226968e+4
9.482982077383725e+5 4.574501879554383e+6 3.2270166e+4
5.521472159833322e+5 4.639016101365487e+6 3.2313365e+4
1.5192070214149578e+5 4.66928870783412e+6 3.2356563e+4
-2.4942717237933376e+5 4.6650962500815824e+6 3.2399765e+4
-6.489339691573938e+5 4.6264696735761734e+6 3.2442963e+4
-1.0436508391774908e+6 4.553694089717765e+6 3.2486162e+4
-1.4306642889450813e+6 4.4473066713668014e+6 3.252936e+4
-1.8071176856333454e+6 4.308092687851269e+6 3.2572562e+4
-2.1702323425289577e+6 4.137079708718175e+6 3.261576e+4
-2.517328029140161e+6 3.9355300190129033e+6 3.2658958e+4
-2.84584275457745e+6 3.704931302070988e+6 3.2702157e+4
-3.153351678181252e+6 3.4469856585947484e+6 3.2745358e+4
-3.437597300087331e+6 3.1635836861506744e+6 3.278856e+4
-3.6964558541204584e+6 2.85684284751279e+6 3.2831758e+4
-3.928030040796041e+6 2.529015012895385e+6 3.2874957e+4
-4.1306105592515413e+6 2.182519952863218e+6 3.2918155e+4
-4.3027021173738766e+6 1.819915224946687e+6 3.2961357e+4
-4.4430344688849244e+6 1.4438772957377116e+6 3.3004555e+4
-4.55057178931337e+6 1.0571817852913004e+6 3.3047754e+4
-4.6245203216468556e+6 6.626829796529082e+5 3.3090952e+4
-4.664334235229897e+6 2.632927627351721e+5 3.3134153e+4
-4.6697196546621095e+6 -1.3804087694873662e+5 3.3177352e+4
-4.640636828958235e+6 -5.3835560604757e+5 3.322055e+4
-4.577300424959057e+6 -9.346966120169843e+5 3.326375e+4
-4.480177942827439e+6 -1.3241384132517614e+6 3.330695e+4
-4.3499862653250665e+6 -1.7038064527198116e+6 3.335015e+4
-4.18768636634046e+6 -2.0708983157105085e+6 3.3393347e+4
-3.9944762177257787e+6 -2.422704415084421e+6 3.3436546e+4
-3.771781946798662e+6 -2.756627991341974e+6 3.3479747e+4
-3.5212473097775476e+6 -3.0702042798860757e+6 3.3522946e+4
-3.2447215588494077e+6 -3.361118704000836e+6 3.3566144e+4
-2.944245792425775e+6 -3.627223959259962e+6 3.3609343e+4
-2.622037889338938e+6 -3.866555863260921e+6 3.3652544e+4
-2.280476138182044e+6 -4.077347853694691e+6 3.3695742e+4
-1.9220816826294204e+6 -4.258044027737013e+6 3.373894e+4
-1.5494999123110575e+6 -4.4073106265152695e+6 3.378214e+4
-1.1654809366001692e+6 -4.524045879880971e+6 3.382534e+4
-7.728592854408596e+5 -4.607388138821629e+6 3.386854e+4
-3.745329870486736e+5 -4.6567222354848253e+6 3.3911738e+4
2.6557823083795534e+4 -4.6716840238697055e+6 3.3954936e+4
4.2745260398452717e+5 -4.652163067670053e+6 3.3998138e+4
8.25192261617101e+5 -4.5983034554293656e+6 3.4041336e+4
1.2168409906155708e+6 -4.510502736991089e+6 3.4084535e+4
1.5995079441204513e+6 -4.389408989094312e+6 3.4127733e+4
1.9703685717659153e+6 -4.235916031774419e+6 3.4170935e+4
2.3266854683176866e+6 -4.051156830877533e+6 3.4214133e+4
2.6658285790735164e+6 -3.8364951353861076e+6 3.4257331e+4
2.985294612884789e+6 -3.593515411282863e+6 3.430053e+4
3.2827255195085825e+6 -3.324011146252897e+6 3.434373e+4
3.5559258949038164e+6 -3.029971611549997e+6 3.438693e+4
3.802879185999473e+6 -2.713567178740629e+6 3.4430128e+4
4.0217625753238134e+6 -2.377133299706005e+6 3.4473327e+4
4.210960435627797e+6 -2.023153268149437e+6 3.4516528e+4
4.369076255191138e+6 -1.6542398898501307e+6 3.4559727e+4
4.4949429457876394e+6 -1.2731161969593857e+6 3.4602925e+4
4.5876314572244015e+6 -8.82595348691292e+5 3.4646124e+4
4.646457634869077e+6 -4.8555986676541746e+5 3.4689325e+4
4.670987269548221e+6 -8.494035886933141e+4 3.4732524e+4
4.6610393025423047e+6 3.163061128121571e+5 3.4775722e+4
4.616687162020636e+6 7.152178583342553e+5 3.481892e+4
4.5382582210515765e+6 1.108850420888303e+6 3.4862122e+4
4.4263313811887595e+6 1.494298310495598e+6 3.490532e+4
4.281732799469222e+6 1.868716450078996e+6 3.494852e+4
4.10552979036356e+6 2.2293411756130396e+6 3.4991717e+4
3.899022947689114e+6 2.573510635346215e+6 3.503492e+4
3.6637365446361336e+6 2.8986844375240417e+6 3.5078117e+4
3.401407282766461e+6 3.2024624015887637e+6 3.5121316e+4
3.113971473030897e+6 3.4826022744488316e+6 3.5164514e+4
2.8035507434250256e+6 3.73703628105045e+6 3.5207716e+4
2.472436378778481e+6 3.9638863870876956e+6 3.5250914e+4
2.1230724082691868e+6 4.161478161193744e+6 3.5294113e+4
1.7580375654973956e+6 4.328353134293271e+6 3.533731e+4
1.3800262542763214e+6 4.463279564888856e+6 3.5380512e+4
9.918286606347533e+5 4.5652615308205363e+6 3.542371e+4
5.963101578303353e+5 4.6335462803898647e+6 3.546691e+4
1.9639015638847462e+5 4.6676297885886475e+6 3.551011e+4
-2.0497944471960042e+5 4.667260477420221e+6 3.555331e+4
-6.048360467033275e+5 4.632441072852916e+6 3.5596508e+4
-1.0002282185570574e+6 4.563428584699071e+6 3.5639706e+4
-1.3882374822323842e+6 4.4607324095681283e+6 3.5682908e+4
-1.7659998545773248e+6 4.3251105708963394e+6 3.5726106e+4
-2.1307269870364848e+6 4.1575641238062483e+6 3.5769305e+4
-2.4797267470753478e+6 3.959329766094951e+6 3.5812503e+4
-2.8104230894126e+6 3.731870709891077e+6 3.5855705e+4
-3.120375070386471e+6 3.476865881358817e+6 3.5898903e+4
-3.407294865105766e+6 3.1961975281684746e+6 3.59421e+4
-3.669064654397239e+6 2.891937326205266e+6 3.59853e+4
-3.903752256902261e+6 2.566331088066561e+6 3.60285e+4
-4.109625390939754e+6 2.221782186216657e+6 3.60717e+4
-4.2851644608646444e+6 1.8608338131571586e+6 3.6114898e+4
-4.4290737735431723e+6 1.4861502095543483e+6 3.6158097e+4
-4.540291102153688e+6 1.1004969988829796e+6 3.6201298e+4
-4.617995526720383e+6 7.067207737408907e+5 3.6244497e+4
-4.6616134935072334e+6 3.0772808451240935e+5 3.6287695e+4
-4.6708230485463936e+6 -9.353601453007293e+4 3.6330894e+4
-4.6455562140524354e+6 -4.9410970333033516e+5 3.6374095e+4
-4.5859994901815926e+6 -8.910362579045616e+5 3.6417294e+4
-4.492592478432389e+6 -1.2813858745823276e+6 3.6460492e+4
-4.366024636848668e+6 -1.6622772955427273e+6 3.650369e+4
-4.2072301909756055e+6 -2.0308990760226764e+6 3.6546892e+4
-4.0173812381319096e+6 -2.3845303362197165e+6 3.659009e+4
-3.7978790958975406e+6 -2.7205608447139856e+6 3.663329e+4
-3.5503439586751473e+6 -3.0365102851703424e+6 3.6676487e+4
-3.27660293867286e+6 -3.330046564107891e+6 3.671969e+4
-2.978676579580454e+6 -3.59900302460352e+6 3.6762887e+4
-2.6587639424844844e+6 -3.8413944388712223e+6 3.6806086e+4
-2.319226374106602e+6 -4.0554316616723723e+6 3.6849284e+4
-1.9625700771752871e+6 -4.2395348363968627e+6 3.6892486e+4
-1.5914276115830145e+6 -4.3923450563380806e+6 3.6935684e+4
-1.2085384628729201e+6 -4.5127343950872123e+6 3.6978883e+4
-8.167288214833333e+5 -4.599814232010336e+6 3.702208e+4
-4.188907220040859e+5 -4.652941811356047e+6 3.7065282e+4
-1.796069642247717e+4 -4.6717249865794125e+6 3.710848e+4
3.831019010763334e+5 -4.65602511486333e+6 3.715168e+4
7.813367377640176e+5 -4.6059580804721484e+6 3.7194878e+4
1.1738043532472782e+6 -4.5218934393840077e+6 3.723808e+4
1.557607856282345e+6 -4.4044516915155185e+6 3.7281278e+4
1.9299143073771236e+6 -4.2544997006730967e+6 3.7324476e+4
2.2879756293511624e+6 -4.0731442960373426e+6 3.7367675e+4
2.62914889150792e+6 -3.86172410240932e+6 3.7410876e+4
2.9509158176973155e+6 -3.6217996595215174e+6 3.7454075e+4
3.2509013742751963e+6 -3.355141903345078e+6 3.7497273e+4
3.5268913007578334e+6 -3.0637190944153325e+6 3.7540472e+4
3.7768484537737623e+6 -2.749682289660594e+6 3.7583673e+4
3.998927843674607e+6 -2.4153494649698928e+6 3.762687e+4
4.1914902528162984e+6 -2.0631884056945352e+6 3.767007e+4
4.353114334991087e+6 -1.6957984913725735e+6 3.7713268e+4
4.482607106701885e+6 -1.3158915091268536e+6 3.775647e+4
4.579012752840098e+6 -9.262716373581414e+5 3.7799668e+4
4.6416196817708266e+6 -5.298147474769627e+5 3.7842867e+4
4.669965777749831e+6 -1.2944717645360487e+5 3.7886065e+4
4.6638418119031916e+6 2.7187587312952527e+5 3.7929267e+4
4.623292986592427e+6 6.711921460890824e+5 3.7972465e+4
4.5486186017657443e+6 1.065554199708787e+6 3.8015664e+4
4.4403698457581925e+6 1.4520511594733004e+6 3.8058862e+4
4.299345726847284e+6 1.8278302048840261e+6 3.8102064e+4
4.126587175594211e+6 2.1901176267652353e+6 3.8145262e+4
3.92336936150256e+6 2.5362393006318196e+6 3.818846e+4
3.6911922807070363e+6 2.8636404250001746e+6 3.823166e+4
3.4317696841665546e+6 3.1699043789492726e+6 3.827486e+4
3.147016428084971e+6 3.4527705597403513e+6 3.831806e+4
2.8390343399294476e+6 3.7101510688309924e+6 3.8361257e+4
2.5100967043716815e+6 3.9401461231214274e+6 3.8404456e+4
2.1626314836653734e+6 4.1410580776784206e+6 3.8447657e+4
1.7992033963138326e+6 4.311403956432192e+6 3.8490856e+4
1.4224949863091074e+6 4.449926398354454e+6 3.8534054e+4
1.0352868226748457e+6 4.5556029383213603e+6 3.8577253e+4
6.404369754644637e+5 4.6276535541572594e+6 3.8620454e+4
2.4085991970688675e+5 4.665546424152822e+6 3.8663653e+4
-1.60494976985451e+5 4.6690018525600124e+6 3.870685e+4
-5.606652243585685e+5 4.6379943340889657e+6 3.875005e+4
-9.56697076320052e+5 4.5727527421682296e+6 3.879325e+4
-1.3456673331994942e+6 4.473758639578822e+6 3.883645e+4
-1.7247049185392788e+6 4.3417427239315787e+6 3.8879648e+4
-2.091012071151635e+6 4.177679434224764e+6 3.8922846e+4
-2.4418849960199296e+6 3.982779758291832e+6 3.8966048e+4
-2.7747338216143164e+6 3.7584822942294144e+6 3.9009246e+4
-3.087101716312711e+6 3.5064426317830305e+6 3.9052445e+4
-3.376683022824453e+6 3.228521132068908e+6 3.9095643e+4
-3.641340276762423e+6 2.9267691958325226e+6 3.9138845e+4
-3.879119983745717e+6 2.603414121600907e+6 3.9182043e+4
-4.088267038578564e+6 2.260842665494097e+6 3.9225242e+4
-4.2672376800743006e+6 1.9015834240444177e+6 3.926844e+4
-4.4147108859019446e+6 1.5282881700599724e+6 3.931164e+4
-4.52959812334746e+6 1.143712279296482e+6 3.935484e+4
-4.6110513840171696e+6 7.506943924126067e+5 3.9398038e+4
-4.6584694431773527e+6 3.5213546232845644e+5 3.9441237e+4
-4.671502297528495e+6 -4.9022658356961435e+4 3.9484438e+4
-4.6500537486578725e+6 -4.498189318373155e+5 3.9527637e+4
-4.594282113101584e+6 -8.472949911814867e+5 3.9570835e+4
-4.5045990537747865e+6 -1.2385169767014477e+6 3.9614034e+4
-4.3816665413956435e+6 -1.6205971914267672e+6 3.9657235e+4
-4.226391968331417e+6 -1.9907154158417725e+6 3.9700434e+4
-4.0399214509324594e+6 -2.3461397245565244e+6 3.9743632e+4
-3.8236313697911134e+6 -2.6842466512591057e+6 3.978683e+4
-3.579118210368738e+6 -3.002540553107197e+6 3.9830032e+4
-3.308186778979466e+6 -3.2986720316260376e+6 3.987323e+4
-3.012836881111167e+6 -3.570455274144003e+6 3.991643e+4
-2.695248560413885e+6 -3.8158841877647803e+6 3.995963e+4
-2.357766007310163e+6 -4.033147206787657e+6 4.000283e+4
-2.002880256001039e+6 -4.2206406642792516e+6 4.0046027e+4
-1.6332107975858245e+6 -4.3769806290975816e+6 4.0089226e+4
-1.2514862450122516e+6 -4.501013120997486e+6 4.0132427e+4
-8.605241925741077e+5 -4.591822628416854e+6 4.0175626e+4
-4.6321041861761403e+5 -4.648738866072226e+6 4.0218824e+4
-6.247758496605698e+4 -4.671341722484366e+6 4.0262023e+4
3.3871640971300876e+5 -4.6594643609150527e+6 4.0305224e+4
7.37410262819347e+5 -4.613194450826357e+6 4.0348423e+4
1.130661125856817e+6 -4.532873520772733e+6 4.039162e+4
1.5155663262562807e+6 -4.4190944375023744e+6 4.043482e+4
1.889284792651007e+6 -4.272697029875162e+6 4.047802e+4
2.2490580254598236e+6 -4.094761889898013e+6 4.052122e+4
2.5922304579894545e+6 -3.8866023966336166e+6 4.0564418e+4
2.916269057766138e+6 -3.6497550218558766e+6 4.0607616e+4
3.218782023415031e+6 -3.3859679890079636e+6 4.0650818e+4
3.4975364390807495e+6 -3.0971883691743296e+6 4.0694016e+4
3.750474756078901e+6 -2.78554770931343e+6 4.0737215e+4
3.9757299801230317e+6 -2.453346298832946e+6 4.0780413e+4
4.1716394520269956e+6 -2.1030361906392142e+6 4.0823615e+4
4.336757120164265e+6 -1.7372031019863352e+6 4.0866813e+4
4.469864214098378e+6 -1.3585473287188338e+6 4.0910012e+4
4.569978240600115e+6 -9.698638137841199e+5 4.095321e+4
4.636360235649742e+6 -5.740215171335149e+5 4.099641e+4
4.668520218895719e+6 -1.7394223928722e+5 4.103961e+4
4.666220810309252e+6 2.274209451287735e+5 4.1082808e+4
4.629478982339367e+6 6.271054846869428e+5 4.1126007e+4
4.5585659346354984e+6 1.0221612184128184e+6 4.1169208e+4
4.4540050922621555e+6 1.409672151583189e+6 4.1212407e+4
4.3165682421815404e+6 1.7867779793349128e+6 4.1255605e+4
4.147269836521327e+6 2.1506951992150716e+6 4.1298804e+4
3.9473595046766363e+6 2.4987376568350295e+6 4.1342005e+4
3.7183128295159984e+6 2.8283363729767214e+6 4.1385204e+4
3.461820455774193e+6 3.1370585058028083e+6 4.1428402e+4
3.1797756110253494e+6 3.422625308206371e+6 4.14716e+4
2.8742601313468163e+6 3.682928947752939e+6 4.1514802e+4
2.5475290948214735e+6 3.916048065063103e+6 4.1558e+4
2.2019941763020687e+6 4.120261955795792e+6 4.16012e+4
1.8402058462997625e+6 4.2940632715518484e+6 4.1644397e+4
1.4648345453908843e+6 4.4361691459496755e+6 4.16876e+4
1.0786509730978702e+6 4.545530663748888e+6 4.1730797e+4
6.845056367361735e+5 4.621340603128361e+6 4.1773996e+4
2.8530781118264675e+5 4.663039393970907e+6 4.1817194e+4
-1.159959351332251e+5 4.670319248175542e+6 4.1860396e+4
-5.164434895098292e+5 4.6431264315102716e+6 4.1903594e+4
-9.130790589897407e+5 4.5816616602364696e+6 4.1946793e+4
-1.302974987728593e+6 4.486378619577272e+6 4.198999e+4
-1.6832533666776237e+6 4.3579806149654726e+6 4.2033193e+4
-2.0511072760739987e+6 4.1974153807888365e+6 4.207639e+4
-2.403821503943336e+6 4.005868084950625e+6 4.211959e+4
-2.738792587686538e+6 3.784752580880244e+6 4.2162788e+4
-3.053548030819489e+6 3.535700971564877e+6 4.220599e+4
-3.3457645530225666e+6 3.2605515626323245e+6 4.2249188e+4
-3.6132852387922776e+6 2.961335293406037e+6 4.2292386e+4
-3.854135458116935e+6 2.6402607460878086e+6 4.2335585e+4
-4.066537441662549e+6 2.2996978437183885e+6 4.2378786e+4
-4.24892340288563e+6 1.9421603572458132e+6 4.2421985e+4
-4.399947110216467e+6 1.5702873508196355e+6 4.2465183e+4
-4.5184938238953737e+6 1.186823702268269e+6 4.2508382e+4
-4.6036885241161624e+6 7.945998425418571e+5 4.2551583e+4
-4.654902369743035e+6 3.965108636684132e+5 4.2594782e+4
-4.671757339927637e+6 -4.504850567912587e+3 4.263798e+4
-4.654129024365487e+6 -4.05487313494704e+5 4.2681178e+4
-4.602147541596254e+6 -8.034767838748966e+5 4.272438e+4
-4.5161965785697183e+6 -1.1955356124187844e+6 4.2767578e+4
-4.3969105585665863e+6 -1.57876992523042e+6 4.2810777e+4
-4.2451699583783625e+6 -1.9503509841380456e+6 4.2853975e+4
-4.0620948093112785e+6 -2.307536066243116e+6 4.2897177e+4
-3.8490364299845986e+6 -2.647688708571649e+6 4.2940375e+4
-3.607567451945855e+6 -2.968298168396713e+6 4.2983574e+4
-3.339470211725571e+6 -3.266997955592253e+6 4.3026772e+4
-3.046723595012738e+6 -3.5415833002259106e+6 4.3069974e+4
-2.731488430056981e+6 -3.790027426458975e+6 4.3113172e+4
-2.396091538111983e+6 -4.0104965126321385e+6 4.315637e+4
