0.0e+0 7.431040251188058e+7
1.e-3 7.431031477691931e+7
2.e-3 7.431028786526702e+7
3.e-3 7.430990867784669e+7
4.e-3 7.430933771544824e+7
5.e-3 7.430858556345682e+7
6.e-3 7.430840085118762e+7
7.000000000000001e-3 7.430733999579033e+7
8.e-3 7.430608710586565e+7
8.999999999999999e-3 7.430581074669789e+7
9.999999999999998e-3 7.430425407784745e+7
1.0999999999999996e-2 7.43024695389877e+7
1.1999999999999997e-2 7.430048253240702e+7
1.2999999999999995e-2 7.429996459459995e+7
1.3999999999999996e-2 7.429762507335633e+7
1.4999999999999994e-2 7.429504722010372e+7
1.5999999999999992e-2 7.429224543343452e+7
1.6999999999999993e-2 7.429139509784365e+7
1.799999999999999e-2 7.428818243506387e+7
1.8999999999999992e-2 7.428471407056878e+7
1.999999999999999e-2 7.428358569670208e+7
2.099999999999999e-2 7.427968985728651e+7
2.199999999999999e-2 7.427548840672825e+7
2.299999999999999e-2 7.42710052268063e+7
2.3999999999999985e-2 7.426932968087809e+7
2.4999999999999992e-2 7.42643332321434e+7
2.5999999999999984e-2 7.425900234276707e+7
2.6999999999999985e-2 7.425684137300169e+7
2.799999999999998e-2 7.425096783970344e+7
2.899999999999998e-2 7.424471047402744e+7
2.999999999999998e-2 7.423808504592811e+7
3.0999999999999983e-2 7.42350851649493e+7
3.199999999999998e-2 7.422781300565838e+7
3.299999999999998e-2 7.422011258657286e+7
3.399999999999998e-2 7.421200394163308e+7
3.4999999999999976e-2 7.420796096083785e+7
3.5999999999999976e-2 7.419908839367485e+7
3.699999999999998e-2 7.418974189613121e+7
3.799999999999998e-2 7.418479317522938e+7
3.8999999999999974e-2 7.417462726165339e+7
3.9999999999999974e-2 7.416393379009605e+7
4.0999999999999975e-2 7.415271830747975e+7
4.1999999999999976e-2 7.414632804243383e+7
4.299999999999997e-2 7.413416422310862e+7
4.399999999999997e-2 7.412141225927077e+7
4.4999999999999973e-2 7.411378392570374e+7
4.5999999999999974e-2 7.409999655997321e+7
4.6999999999999964e-2 7.408558101308285e+7
4.7999999999999965e-2 7.407051733636458e+7
4.8999999999999966e-2 7.406099061078286e+7
4.9999999999999967e-2 7.404475830512524e+7
5.099999999999996e-2 7.402782353743272e+7
5.199999999999996e-2 7.401018067798493e+7
5.299999999999996e-2 7.399847287257967e+7
5.399999999999996e-2 7.397951548314922e+7
5.499999999999996e-2 7.395978246201858e+7
5.599999999999996e-2 7.394625301147254e+7
5.699999999999996e-2 7.392509482210293e+7
5.799999999999996e-2 7.390312145025598e+7
5.899999999999996e-2 7.388030148884043e+7
5.999999999999996e-2 7.386406765097057e+7
6.099999999999997e-2 7.383967773316817e+7
6.199999999999997e-2 7.381438942069749e+7
6.299999999999996e-2 7.379593436843073e+7
6.399999999999996e-2 7.376893696697632e+7
6.499999999999996e-2 7.374100904759964e+7
6.599999999999996e-2 7.371210127518815e+7
6.699999999999996e-2 7.369038884148359e+7
6.799999999999996e-2 7.365962879263346e+7
6.899999999999995e-2 7.362785152236124e+7
6.999999999999995e-2 7.359501642367242e+7
7.099999999999995e-2 7.356972838326081e+7
7.199999999999995e-2 7.353489258946325e+7
7.299999999999995e-2 7.349895241979734e+7
7.399999999999995e-2 7.347078470627703e+7
7.499999999999996e-2 7.343269547751469e+7
7.599999999999996e-2 7.339346875173668e+7
7.699999999999996e-2 7.335305266087646e+7
7.799999999999995e-2 7.332073890183466e+7
7.899999999999995e-2 7.327803002490613e+7
7.999999999999995e-2 7.323409794889808e+7
8.099999999999995e-2 7.319849229853304e+7
8.199999999999995e-2 7.315211762440977e+7
8.299999999999995e-2 7.310447858992575e+7
8.399999999999995e-2 7.305553043080246e+7
8.499999999999995e-2 7.301521311185823e+7
8.599999999999994e-2 7.296367949496755e+7
8.699999999999994e-2 7.291080368285845e+7
8.799999999999994e-2 7.28565352303873e+7
8.899999999999995e-2 7.281119634344149e+7
8.999999999999995e-2 7.275420561595778e+7
9.099999999999995e-2 7.269579303557029e+7
9.199999999999995e-2 7.264652041613328e+7
9.299999999999995e-2 7.258524713600498e+7
9.399999999999993e-2 7.252250867506069e+7
9.499999999999993e-2 7.245826882714247e+7
9.599999999999993e-2 7.240344274350655e+7
9.699999999999993e-2 7.23362089944919e+7
9.799999999999993e-2 7.226744207063407e+7
9.899999999999993e-2 7.220830547352896e+7
9.999999999999993e-2 7.213643438581007e+7
1.0099999999999994e-1 7.206297269071256e+7
1.0199999999999991e-1 7.198790905099921e+7
1.0299999999999994e-1 7.19227268017455e+7
1.0399999999999991e-1 7.184442855407662e+7
1.0499999999999994e-1 7.176448521984395e+7
1.0599999999999991e-1 7.168287185725262e+7
1.0699999999999994e-1 7.161138527354391e+7
1.0799999999999992e-1 7.152642153779457e+7
1.0899999999999994e-1 7.143975883140639e+7
1.0999999999999992e-1 7.136342636593903e+7
1.1099999999999992e-1 7.127333075699869e+7
1.1199999999999992e-1 7.118148156386025e+7
1.1299999999999992e-1 7.108788015812771e+7
1.1399999999999992e-1 7.100483445807549e+7
1.1499999999999995e-1 7.090769224038919e+7
1.1599999999999992e-1 7.08087577946952e+7
1.1699999999999995e-1 7.072057645104505e+7
1.1799999999999992e-1 7.06180560945225e+7
1.1899999999999993e-1 7.051368676018974e+7
1.1999999999999993e-1 7.040748951785147e+7
1.2099999999999993e-1 7.031225704687178e+7
1.2199999999999993e-1 7.020238038768563e+7
1.2299999999999993e-1 7.009062852749003e+7
1.2399999999999993e-1 6.997701557938303e+7
1.2499999999999993e-1 6.987456973460592e+7
1.2599999999999992e-1 6.975720119545143e+7
1.2699999999999992e-1 6.963793834118805e+7
1.2799999999999992e-1 6.953002131666791e+7
1.2899999999999992e-1 6.940699222181241e+7
1.2999999999999992e-1 6.928202663887719e+7
1.3099999999999992e-1 6.91551533697316e+7
1.3199999999999992e-1 6.90398173960939e+7
1.3299999999999992e-1 6.890912441431823e+7
1.3399999999999992e-1 6.877648898822596e+7
1.3499999999999993e-1 6.865554593571201e+7
1.3599999999999993e-1 6.851910426013067e+7
1.3699999999999993e-1 6.838069868392421e+7
1.379999999999999e-1 6.824035503663616e+7
1.389999999999999e-1 6.811188849926184e+7
1.399999999999999e-1 6.796771934918971e+7
1.409999999999999e-1 6.782159057978359e+7
1.419999999999999e-1 6.767353707109739e+7
1.429999999999999e-1 6.753753324271833e+7
1.439999999999999e-1 6.738565214802149e+7
1.449999999999999e-1 6.723183012507365e+7
1.459999999999999e-1 6.709018944042028e+7
1.469999999999999e-1 6.693258994586784e+7
1.479999999999999e-1 6.677305613392324e+7
1.489999999999999e-1 6.661161384083332e+7
1.499999999999999e-1 6.646251934223087e+7
1.509999999999999e-1 6.629734179482581e+7
1.519999999999999e-1 6.613026141261713e+7
1.529999999999999e-1 6.597563156912187e+7
1.5399999999999991e-1 6.580487558642695e+7
1.549999999999999e-1 6.563225891067103e+7
1.559999999999999e-1 6.545778818033224e+7
1.569999999999999e-1 6.52959266248482e+7
1.579999999999999e-1 6.511787640866589e+7
1.589999999999999e-1 6.493801272786519e+7
1.599999999999999e-1 6.475636115309306e+7
1.609999999999999e-1 6.458746588615821e+7
1.619999999999999e-1 6.440235254202517e+7
1.629999999999999e-1 6.421549130353928e+7
1.639999999999999e-1 6.404146621008316e+7
1.649999999999999e-1 6.38512494113973e+7
1.659999999999999e-1 6.365936358309728e+7
1.669999999999999e-1 6.346581565111107e+7
1.679999999999999e-1 6.328524032526794e+7
1.689999999999999e-1 6.308851851739109e+7
1.699999999999999e-1 6.289021541737618e+7
1.7099999999999987e-1 6.270494783870337e+7
1.7199999999999988e-1 6.250359662886648e+7
1.7299999999999988e-1 6.230077416986279e+7
1.7399999999999988e-1 6.209647869283849e+7
1.7499999999999988e-1 6.190533746041255e+7
1.7599999999999988e-1 6.169824313343112e+7
1.7699999999999988e-1 6.148979649040067e+7
1.7799999999999988e-1 6.12800083048625e+7
1.7899999999999988e-1 6.108348414687632e+7
1.7999999999999988e-1 6.087118165627089e+7
1.8099999999999988e-1 6.065766524307785e+7
1.8199999999999988e-1 6.045745642589685e+7
1.8299999999999988e-1 6.024162427499542e+7
1.8399999999999989e-1 6.002472898724034e+7
1.849999999999999e-1 5.980678107381674e+7
1.859999999999999e-1 5.96022266669483e+7
1.8699999999999986e-1 5.938232498296457e+7
1.8799999999999986e-1 5.916153868904244e+7
1.8899999999999986e-1 5.895418844520619e+7
1.8999999999999986e-1 5.873170477613108e+7
1.9099999999999986e-1 5.850850604004256e+7
1.9199999999999987e-1 5.828462305488237e+7
1.9299999999999987e-1 5.807423031855418e+7
1.9399999999999987e-1 5.784908968668352e+7
1.9499999999999987e-1 5.762346149167743e+7
1.9599999999999987e-1 5.739737454375314e+7
1.9699999999999987e-1 5.718482098657539e+7
1.9799999999999987e-1 5.69579698023965e+7
1.9899999999999987e-1 5.673088024132511e+7
1.9999999999999987e-1 5.651734267262686e+7
2.009999999999999e-1 5.628985396276401e+7
2.0199999999999987e-1 5.60623418971512e+7
2.029999999999999e-1 5.583486442755269e+7
2.0399999999999982e-1 5.562094086600055e+7
2.0499999999999985e-1 5.539364327957285e+7
2.0599999999999988e-1 5.516662680580727e+7
2.0699999999999985e-1 5.495317543833734e+7
2.0799999999999982e-1 5.472679953007595e+7
2.0899999999999985e-1 5.450093542695555e+7
2.0999999999999988e-1 5.427568014311904e+7
2.1099999999999985e-1 5.406394449896638e+7
2.1199999999999983e-1 5.383999369127317e+7
2.1299999999999986e-1 5.36169147441188e+7
2.1399999999999988e-1 5.339479585364997e+7
2.1499999999999986e-1 5.318612499275819e+7
2.1599999999999983e-1 5.296603469194734e+7
2.1699999999999986e-1 5.274719975927241e+7
2.179999999999999e-1 5.254177057939524e+7
2.1899999999999986e-1 5.232554741318111e+7
2.1999999999999983e-1 5.211085764537139e+7
2.209999999999998e-1 5.189782754973793e+7
2.2199999999999984e-1 5.169806617928252e+7
2.229999999999998e-1 5.148844794074944e+7
2.2399999999999984e-1 5.128079449683761e+7
2.249999999999998e-1 5.108631658519532e+7
2.2599999999999984e-1 5.088274077498803e+7
2.269999999999998e-1 5.0681428371629e+7
2.2799999999999984e-1 5.048252930026732e+7
2.2899999999999993e-1 5.029659158037646e+7
2.2999999999999993e-1 5.010263117296987e+7
2.3099999999999993e-1 4.991139568467835e+7
2.3199999999999993e-1 4.9723032359788266e+7
2.33e-1 4.95473579362283e+7
2.3400000000000004e-1 4.936481961410821e+7
2.3500000000000004e-1 4.918547820451317e+7
2.3600000000000007e-1 4.9018613381000214e+7
2.370000000000001e-1 4.8845814511183316e+7
2.3800000000000007e-1 4.867653081606264e+7
2.3900000000000016e-1 4.8510916118478886e+7
2.4000000000000016e-1 4.835739394706339e+7
2.410000000000002e-1 4.819920880126396e+7
2.4200000000000021e-1 4.80450024980346e+7
2.4300000000000024e-1 4.790255891325769e+7
2.4400000000000027e-1 4.775647421820188e+7
2.4500000000000027e-1 4.761468808524524e+7
2.460000000000003e-1 4.747733007886517e+7
2.4700000000000033e-1 4.735121591474913e+7
2.4800000000000036e-1 4.7222813527524016e+7
2.490000000000004e-1 4.709912676089934e+7
2.500000000000004e-1 4.698621459412465e+7
2.5100000000000044e-1 4.687207758352656e+7
2.5200000000000045e-1 4.6762957124546495e+7
2.530000000000005e-1 4.665893534266537e+7
2.540000000000005e-1 4.6565008954660136e+7
2.550000000000005e-1 4.6471248645122676e+7
2.5600000000000056e-1 4.638283716010907e+7
2.5700000000000056e-1 4.6299859764852014e+7
2.580000000000006e-1 4.6226192029780755e+7
2.590000000000006e-1 4.615407008427226e+7
2.600000000000006e-1 4.6087572267460664e+7
2.610000000000007e-1 4.6029696485007704e+7
2.620000000000007e-1 4.5974406683293684e+7
2.6300000000000073e-1 4.592492655373811e+7
2.6400000000000073e-1 4.588127899084432e+7
2.650000000000008e-1 4.584528856395915e+7
2.660000000000008e-1 4.581320880925344e+7
2.6700000000000074e-1 4.5787076350111433e+7
2.6800000000000085e-1 4.576777469769918e+7
2.690000000000008e-1 4.575333197668364e+7
2.700000000000009e-1 4.5744923584733194e+7
2.7100000000000085e-1 4.5742517971961516e+7
2.7200000000000096e-1 4.574580459903639e+7
2.730000000000009e-1 4.5755165104983747e+7
2.7400000000000097e-1 4.577054764041042e+7
2.7500000000000097e-1 4.579190519625874e+7
2.76000000000001e-1 4.581773436229909e+7
2.77000000000001e-1 4.585075962363654e+7
2.780000000000011e-1 4.5889706240077743e+7
2.790000000000011e-1 4.593213182152817e+7
2.8000000000000114e-1 4.598251253885977e+7
2.8100000000000114e-1 4.603872186089771e+7
2.820000000000012e-1 4.610066956109801e+7
2.830000000000012e-1 4.616476029741405e+7
2.8400000000000125e-1 4.623776138989419e+7
2.8500000000000125e-1 4.631635274160916e+7
2.8600000000000125e-1 4.639605433496132e+7
2.870000000000013e-1 4.6485273724290066e+7
2.880000000000013e-1 4.6579877018361593e+7
2.8900000000000137e-1 4.6679760563691836e+7
2.9000000000000137e-1 4.6779357329381865e+7
2.910000000000014e-1 4.6889245890071374e+7
2.920000000000014e-1 4.700417502912423e+7
2.930000000000014e-1 4.7124016217193243e+7
2.940000000000015e-1 4.724217704767544e+7
2.950000000000015e-1 4.7371300865539917e+7
2.9600000000000154e-1 4.7505068944158796e+7
2.9700000000000154e-1 4.7636131059013587e+7
2.980000000000016e-1 4.777855444174169e+7
2.990000000000016e-1 4.7925306380730254e+7
3.0000000000000154e-1 4.8076267055498184e+7
3.0100000000000166e-1 4.822316174718044e+7
3.020000000000016e-1 4.8381924741705934e+7
3.030000000000017e-1 4.854457514777677e+7
3.0400000000000166e-1 4.870220474555213e+7
3.050000000000017e-1 4.887199817538017e+7
3.060000000000017e-1 4.9045316090169383e+7
3.0700000000000177e-1 4.922206148055228e+7
3.080000000000018e-1 4.9392512145875e+7
3.0900000000000183e-1 4.9575487809065527e+7
3.1000000000000183e-1 4.9761535715860294e+7
3.110000000000019e-1 4.995054319201365e+7
3.120000000000019e-1 5.013205213563566e+7
3.1300000000000194e-1 5.032638383047757e+7
3.140000000000019e-1 5.052333597299319e+7
3.15000000000002e-1 5.071197641392915e+7
3.1600000000000195e-1 5.091360542470774e+7
3.1700000000000206e-1 5.11174927721291e+7
3.18000000000002e-1 5.132355570522373e+7
3.1900000000000206e-1 5.152023807429122e+7
3.2000000000000206e-1 5.173009993193199e+7
3.210000000000021e-1 5.194179592836848e+7
3.220000000000021e-1 5.214340096649658e+7
3.230000000000022e-1 5.235830924506152e+7
3.240000000000022e-1 5.257471233705671e+7
3.2500000000000223e-1 5.279254452831482e+7
3.2600000000000223e-1 5.299936926070788e+7
3.270000000000023e-1 5.321960350902094e+7
3.280000000000023e-1 5.344094447771389e+7
3.2900000000000235e-1 5.366333036427557e+7
3.3000000000000235e-1 5.387387426797321e+7
3.310000000000023e-1 5.40979024146971e+7
3.320000000000024e-1 5.432267717422339e+7
3.3300000000000235e-1 5.453506663447912e+7
3.3400000000000246e-1 5.476099800135139e+7
3.350000000000024e-1 5.498739445116323e+7
3.360000000000025e-1 5.52142047089469e+7
3.3700000000000246e-1 5.542794651193702e+7
3.380000000000025e-1 5.565524776332857e+7
3.390000000000025e-1 5.588269715260233e+7
3.400000000000026e-1 5.60966191914612e+7
3.410000000000026e-1 5.632413270433946e+7
3.4200000000000264e-1 5.655156801467105e+7
3.4300000000000264e-1 5.677886572691342e+7
3.440000000000027e-1 5.699209643362032e+7
3.4500000000000264e-1 5.721889623522426e+7
3.4600000000000275e-1 5.744534100926395e+7
3.470000000000027e-1 5.767139132530041e+7
3.480000000000028e-1 5.788290261413245e+7
3.4900000000000275e-1 5.810794100074391e+7
3.5000000000000286e-1 5.833237903325381e+7
3.510000000000028e-1 5.854195893468123e+7
3.5200000000000287e-1 5.876505670351252e+7
3.5300000000000287e-1 5.898739156560017e+7
3.540000000000029e-1 5.920891066674672e+7
3.550000000000029e-1 5.941522308406906e+7
3.56000000000003e-1 5.963498585926221e+7
3.57000000000003e-1 5.985377639127453e+7
3.5800000000000304e-1 6.00571096584466e+7
3.5900000000000304e-1 6.027385136636508e+7
3.600000000000031e-1 6.048950662484429e+7
3.610000000000031e-1 6.070400814770825e+7
3.6200000000000315e-1 6.090281045884538e+7
3.6300000000000315e-1 6.111493747761646e+7
3.640000000000031e-1 6.132580421063498e+7
3.650000000000032e-1 6.153536240849192e+7
3.6600000000000316e-1 6.172903234042408e+7
3.6700000000000327e-1 6.19359271899094e+7
3.680000000000032e-1 6.214141084744981e+7
3.690000000000033e-1 6.233086541573452e+7
3.7000000000000327e-1 6.253347070453892e+7
3.710000000000033e-1 6.273459675077261e+7
3.7200000000000333e-1 6.293418395393471e+7
3.730000000000034e-1 6.311763926263145e+7
3.740000000000034e-1 6.331413484947818e+7
3.7500000000000344e-1 6.350903157385731e+7
3.760000000000034e-1 6.368772285907044e+7
3.770000000000035e-1 6.387934807009537e+7
3.7800000000000344e-1 6.406932714757079e+7
3.7900000000000356e-1 6.42576055663098e+7
3.800000000000035e-1 6.44296465980435e+7
3.810000000000036e-1 6.461450118393296e+7
3.8200000000000356e-1 6.479762316524833e+7
3.830000000000036e-1 6.497896131185174e+7
3.840000000000036e-1 6.514407336422479e+7
3.850000000000037e-1 6.532186642312827e+7
3.860000000000037e-1 6.549785284863261e+7
3.8700000000000373e-1 6.565762788741777e+7
3.8800000000000373e-1 6.582995381006662e+7
3.890000000000038e-1 6.600045202750386e+7
3.900000000000038e-1 6.616908280099427e+7
3.9100000000000384e-1 6.63215701017422e+7
3.9200000000000385e-1 6.648646604960334e+7
3.930000000000039e-1 6.664948981034549e+7
3.940000000000039e-1 6.679644947031936e+7
3.9500000000000396e-1 6.695567151971877e+7
3.9600000000000396e-1 6.711299947712666e+7
3.970000000000039e-1 6.726841946376523e+7
3.98000000000004e-1 6.740789244512888e+7
3.9900000000000396e-1 6.755947109798423e+7
4.000000000000041e-1 6.770913973979933e+7
4.01000000000004e-1 6.785687391682087e+7
4.020000000000041e-1 6.798881256759578e+7
4.030000000000041e-1 6.81326934230793e+7
4.0400000000000413e-1 6.827465478481926e+7
4.0500000000000413e-1 6.840096916934912e+7
4.060000000000042e-1 6.853906547371914e+7
4.070000000000042e-1 6.867523526318967e+7
4.0800000000000425e-1 6.880948187448214e+7
4.090000000000042e-1 6.892827483883243e+7
4.100000000000043e-1 6.905866981963769e+7
4.1100000000000425e-1 6.918715303597281e+7
4.1200000000000436e-1 6.930037736085864e+7
4.130000000000043e-1 6.942504692967533e+7
4.140000000000044e-1 6.954779514480824e+7
4.1500000000000437e-1 6.966865109414085e+7
4.160000000000044e-1 6.977448379527147e+7
4.170000000000044e-1 6.989156107425926e+7
4.180000000000045e-1 7.000675045859551e+7
4.190000000000045e-1 7.012007072080185e+7
4.2000000000000454e-1 7.021862741465047e+7
4.2100000000000454e-1 7.032822468086956e+7
4.220000000000046e-1 7.043597346664983e+7
4.230000000000046e-1 7.052920268641855e+7
4.2400000000000465e-1 7.06333070327243e+7
4.2500000000000465e-1 7.073556638047597e+7
4.260000000000047e-1 7.083602035000186e+7
4.270000000000047e-1 7.092225341353491e+7
4.2800000000000465e-1 7.101913567835167e+7
4.2900000000000477e-1 7.111422592498238e+7
4.300000000000047e-1 7.119535891369266e+7
4.310000000000048e-1 7.128698352326607e+7
4.3200000000000477e-1 7.137683072045136e+7
4.330000000000049e-1 7.14649444753961e+7
4.340000000000048e-1 7.153944055350228e+7
4.350000000000049e-1 7.162418148844577e+7
4.360000000000049e-1 7.170720424432553e+7
4.3700000000000494e-1 7.178855521597144e+7
4.3800000000000494e-1 7.185664330035749e+7
4.39000000000005e-1 7.193472401311432e+7
4.40000000000005e-1 7.201115364973029e+7
4.4100000000000505e-1 7.207461691351239e+7
4.42000000000005e-1 7.214790254435527e+7
4.430000000000051e-1 7.221956678217527e+7
4.4400000000000506e-1 7.228965243834165e+7
4.4500000000000517e-1 7.234716426018308e+7
4.460000000000051e-1 7.24142260427816e+7
4.4700000000000517e-1 7.247973526134451e+7
4.4800000000000517e-1 7.253297074454432e+7
4.4900000000000523e-1 7.259557794997985e+7
4.5000000000000523e-1 7.265668497040135e+7
4.510000000000053e-1 7.271631554405921e+7
4.520000000000053e-1 7.276410048353091e+7
4.5300000000000534e-1 7.282096936524332e+7
4.5400000000000534e-1 7.287640489366993e+7
4.550000000000053e-1 7.293044524437958e+7
4.5600000000000535e-1 7.297307895145895e+7
4.5700000000000535e-1 7.302449755215678e+7
4.580000000000054e-1 7.307455666090211e+7
4.590000000000054e-1 7.311353342051871e+7
4.6000000000000546e-1 7.316109416769349e+7
4.6100000000000546e-1 7.320736033408486e+7
4.620000000000055e-1 7.325234722688051e+7
4.6300000000000546e-1 7.328672129561025e+7
4.640000000000056e-1 7.332936578495232e+7
4.650000000000055e-1 7.337078528371763e+7
4.6600000000000563e-1 7.340192247233683e+7
4.670000000000056e-1 7.34411015111847e+7
4.6800000000000563e-1 7.347913623087783e+7
4.6900000000000563e-1 7.351602055252897e+7
4.700000000000057e-1 7.354311551932824e+7
4.710000000000057e-1 7.357792710613997e+7
4.7200000000000575e-1 7.361166175564253e+7
4.7300000000000575e-1 7.364432559162756e+7
4.740000000000058e-1 7.366770363744678e+7
4.750000000000058e-1 7.369845762412952e+7
4.7600000000000586e-1 7.372820335626366e+7
4.7700000000000586e-1 7.374901587543744e+7
4.780000000000059e-1 7.377694576196437e+7
4.790000000000059e-1 7.380395016643361e+7
4.80000000000006e-1 7.38300175815952e+7
4.81000000000006e-1 7.384767210457897e+7
4.820000000000059e-1 7.387209106280026e+7
4.8300000000000604e-1 7.389565043133438e+7
4.84000000000006e-1 7.391116919366058e+7
4.850000000000061e-1 7.393316088683622e+7
4.8600000000000604e-1 7.395436996746916e+7
4.870000000000061e-1 7.397478372848356e+7
4.880000000000061e-1 7.3987685761063e+7
4.8900000000000615e-1 7.400669347014053e+7
4.9000000000000615e-1 7.402498530257815e+7
4.910000000000062e-1 7.40425459791625e+7
4.920000000000062e-1 7.405313438390526e+7
4.9300000000000627e-1 7.406944640220756e+7
4.940000000000062e-1 7.408510356744091e+7
4.950000000000063e-1 7.4094180870852e+7
4.9600000000000627e-1 7.410866101371042e+7
4.970000000000064e-1 7.412255283001032e+7
4.980000000000063e-1 7.413584635023858e+7
4.9900000000000644e-1 7.414310172469388e+7
5.000000000000063e-1 7.415536164081918e+7
5.010000000000064e-1 7.416709408553155e+7
5.020000000000064e-1 7.417320582056461e+7
5.030000000000066e-1 7.418398164166821e+7
5.040000000000064e-1 7.419427390571603e+7
5.050000000000066e-1 7.420409159861142e+7
5.060000000000066e-1 7.420882885428364e+7
5.070000000000066e-1 7.421781038599922e+7
5.080000000000066e-1 7.422636913103245e+7
5.090000000000067e-1 7.423028297470616e+7
5.100000000000067e-1 7.423809522234907e+7
5.110000000000067e-1 7.424550568175518e+7
5.120000000000067e-1 7.425254484231832e+7
5.130000000000068e-1 7.425547838843396e+7
5.140000000000068e-1 7.426186448531916e+7
5.150000000000068e-1 7.426790589978148e+7
5.160000000000068e-1 7.427361783533571e+7
5.170000000000069e-1 7.427576505016362e+7
5.180000000000069e-1 7.428091209868541e+7
5.190000000000069e-1 7.428576336809402e+7
5.200000000000069e-1 7.428748813456202e+7
5.210000000000068e-1 7.429185087755805e+7
5.22000000000007e-1 7.429592300866872e+7
5.23000000000007e-1 7.429973837926808e+7
5.24000000000007e-1 7.43009642116902e+7
5.250000000000069e-1 7.430434953030395e+7
5.26000000000007e-1 7.430748597591023e+7
5.270000000000071e-1 7.430846452018472e+7
5.280000000000071e-1 7.431124671933943e+7
5.29000000000007e-1 7.431377520856912e+7
5.300000000000071e-1 7.431608870920519e+7
5.310000000000072e-1 7.431677971773739e+7
5.320000000000072e-1 7.431877168753565e+7
5.330000000000071e-1 7.432053823495033e+7
5.340000000000072e-1 7.432211387429712e+7
5.350000000000072e-1 7.43225948531734e+7
5.360000000000074e-1 7.43238691336325e+7
5.370000000000072e-1 7.432494151071863e+7
5.380000000000074e-1 7.432533653812146e+7
5.390000000000074e-1 7.432615706314949e+7
5.400000000000074e-1 7.432676016425842e+7
5.410000000000074e-1 7.432717791460425e+7
5.420000000000075e-1 7.432744172204179e+7
5.430000000000075e-1 7.432760338923079e+7
5.440000000000075e-1 7.43275549532225e+7
5.450000000000075e-1 7.432774347763885e+7
5.460000000000076e-1 7.432746103634063e+7
5.470000000000076e-1 7.43269596212784e+7
5.480000000000076e-1 7.43262516638408e+7
5.490000000000076e-1 7.432629889341262e+7
5.500000000000077e-1 7.432533502155034e+7
5.510000000000077e-1 7.432413998658888e+7
5.520000000000077e-1 7.432273636147472e+7
5.530000000000077e-1 7.432259335944121e+7
5.540000000000076e-1 7.432089325608976e+7
5.550000000000078e-1 7.431894772208124e+7
5.560000000000078e-1 7.431862924332048e+7
5.570000000000078e-1 7.431637285640632e+7
5.580000000000077e-1 7.431385585350131e+7
5.590000000000078e-1 7.431107656555104e+7
5.600000000000079e-1 7.431042088336799e+7
5.610000000000079e-1 7.43072753158169e+7
5.620000000000078e-1 7.430383577311369e+7
5.630000000000079e-1 7.430285911198666e+7
5.64000000000008e-1 7.429899674196223e+7
5.65000000000008e-1 7.429483383848324e+7
5.660000000000079e-1 7.429034193220524e+7
5.67000000000008e-1 7.4288795443199e+7
5.68000000000008e-1 7.42838128759807e+7
5.690000000000082e-1 7.427848069763908e+7
5.700000000000081e-1 7.427278311857732e+7
5.710000000000082e-1 7.427050121809023e+7
5.720000000000082e-1 7.426422757845426e+7
5.730000000000082e-1 7.425755204885562e+7
5.740000000000082e-1 7.425460687011175e+7
5.750000000000083e-1 7.424726493645264e+7
5.760000000000083e-1 7.423950685036411e+7
5.770000000000083e-1 7.423129328848583e+7
5.780000000000083e-1 7.422726242282982e+7
5.790000000000084e-1 7.421828674440438e+7
5.800000000000084e-1 7.420883053037822e+7
5.810000000000084e-1 7.420386021357158e+7
5.820000000000084e-1 7.419352286433714e+7
5.830000000000085e-1 7.41826850640331e+7
5.840000000000085e-1 7.41712989733242e+7
5.850000000000085e-1 7.416482692658055e+7
5.860000000000085e-1 7.415245041283702e+7
5.870000000000084e-1 7.413950382841472e+7
5.880000000000086e-1 7.412594018499613e+7
5.890000000000086e-1 7.411771015540545e+7
5.900000000000086e-1 7.410303797237376e+7
5.910000000000085e-1 7.408772020733634e+7
5.920000000000086e-1 7.407802025847697e+7
5.930000000000087e-1 7.406145709371413e+7
5.940000000000087e-1 7.404421713953888e+7
5.950000000000086e-1 7.402625270399669e+7
5.960000000000087e-1 7.401429929314765e+7
5.970000000000087e-1 7.3994959580335e+7
5.980000000000089e-1 7.397486663066931e+7
5.990000000000087e-1 7.396107188897507e+7
6.000000000000089e-1 7.393946899057016e+7
6.010000000000089e-1 7.391706259791153e+7
6.02000000000009e-1 7.389382102533881e+7
6.030000000000089e-1 7.387724275375287e+7
6.04000000000009e-1 7.38523461325137e+7
6.05000000000009e-1 7.382657309552099e+7
6.06000000000009e-1 7.379987971556299e+7
6.07000000000009e-1 7.378020789984072e+7
6.080000000000091e-1 7.375171606101771e+7
6.090000000000091e-1 7.372226905884396e+7
6.100000000000091e-1 7.37001146756607e+7
6.110000000000091e-1 7.366873595080984e+7
6.120000000000092e-1 7.36363416673742e+7
6.130000000000092e-1 7.360290874622646e+7
6.140000000000092e-1 7.357709975325746e+7
6.150000000000092e-1 7.35415801430164e+7
6.160000000000091e-1 7.350497254780313e+7
6.170000000000093e-1 7.347625948648271e+7
6.180000000000093e-1 7.343745583899177e+7
6.190000000000093e-1 7.339748732754029e+7
6.200000000000092e-1 7.335635427446684e+7
6.210000000000094e-1 7.332342469740498e+7
6.220000000000094e-1 7.327993169041239e+7
6.230000000000094e-1 7.323520705723767e+7
6.240000000000093e-1 7.318923772930992e+7
6.250000000000094e-1 7.315177158507948e+7
6.260000000000095e-1 7.310328597870456e+7
6.270000000000094e-1 7.305350073764306e+7
6.280000000000094e-1 7.301246962743041e+7
6.290000000000096e-1 7.29600719486065e+7
6.300000000000096e-1 7.290629624064876e+7
6.310000000000096e-1 7.285115081964462e+7
6.320000000000096e-1 7.28050402501207e+7
6.330000000000097e-1 7.274712377258538e+7
6.340000000000097e-1 7.268776784361708e+7
6.350000000000097e-1 7.263768018622476e+7
6.360000000000097e-1 7.257547785146807e+7
6.370000000000098e-1 7.25117600868771e+7
6.380000000000098e-1 7.24465429756691e+7
6.390000000000098e-1 7.239086205665574e+7
6.400000000000098e-1 7.232264695354702e+7
6.410000000000099e-1 7.225285777809787e+7
6.420000000000099e-1 7.218150966991647e+7
6.430000000000099e-1 7.211995311396596e+7
6.440000000000098e-1 7.204546315443435e+7
6.4500000000001e-1 7.196934640544294e+7
6.4600000000001e-1 7.190323001864691e+7
6.4700000000001e-1 7.182391171477368e+7
6.480000000000099e-1 7.174290193015875e+7
6.490000000000099e-1 7.166021706787161e+7
6.500000000000101e-1 7.158777796015094e+7
6.510000000000101e-1 7.150176306101991e+7
6.5200000000001e-1 7.141400741132057e+7
6.5300000000001e-1 7.133667674327843e+7
6.540000000000102e-1 7.12455337677777e+7
6.550000000000102e-1 7.115260818800713e+7
6.560000000000101e-1 7.105790121745363e+7
6.570000000000101e-1 7.097385694180506e+7
6.580000000000102e-1 7.087565978954713e+7
6.590000000000104e-1 7.077563293515131e+7
6.600000000000102e-1 7.067379143029382e+7
6.610000000000102e-1 7.058283753354406e+7
6.620000000000104e-1 7.04774101491939e+7
6.630000000000104e-1 7.037011698200881e+7
6.640000000000104e-1 7.027386599336183e+7
6.650000000000104e-1 7.016294648377533e+7
6.660000000000105e-1 7.0050140148117e+7
6.670000000000105e-1 6.99354430554083e+7
6.680000000000105e-1 6.983200585955425e+7
6.690000000000105e-1 6.971361978134638e+7
6.700000000000106e-1 6.959331580511078e+7
6.710000000000106e-1 6.94844018775221e+7
6.720000000000106e-1 6.936036277880196e+7
6.730000000000106e-1 6.923441142810824e+7
6.740000000000107e-1 6.910652362009307e+7
6.750000000000107e-1 6.899023311090201e+7
6.760000000000107e-1 6.885858513004379e+7
6.770000000000106e-1 6.872500373902699e+7
6.780000000000108e-1 6.858948068003301e+7
6.790000000000108e-1 6.846575310429672e+7
6.800000000000108e-1 6.83264571109023e+7
6.810000000000107e-1 6.818521800544428e+7
6.820000000000107e-1 6.805588617955162e+7
6.830000000000109e-1 6.791085532840205e+7
6.840000000000109e-1 6.77639099719135e+7
6.850000000000108e-1 6.76150256046764e+7
6.860000000000108e-1 6.747823435695862e+7
6.87000000000011e-1 6.732558849949978e+7
6.88000000000011e-1 6.717103383570574e+7
6.890000000000109e-1 6.702867855855278e+7
6.900000000000109e-1 6.687035683854042e+7
6.91000000000011e-1 6.6710168920695e+7
6.920000000000112e-1 6.654809015626988e+7
6.93000000000011e-1 6.639837850934718e+7
6.94000000000011e-1 6.623260457640503e+7
6.950000000000112e-1 6.606499364002758e+7
6.960000000000112e-1 6.589552488915454e+7
6.970000000000112e-1 6.573858648359041e+7
6.980000000000112e-1 6.556551912332971e+7
6.990000000000113e-1 6.539065448411869e+7
7.000000000000113e-1 6.522841577239493e+7
7.010000000000113e-1 6.504999748254773e+7
7.020000000000113e-1 6.486984731643246e+7
7.030000000000114e-1 6.468795301115108e+7
7.040000000000114e-1 6.451882721166946e+7
7.050000000000114e-1 6.433352317666711e+7
7.060000000000114e-1 6.414655702938172e+7
7.070000000000115e-1 6.397246340955971e+7
7.080000000000115e-1 6.378218260830113e+7
7.090000000000115e-1 6.359030829764327e+7
7.100000000000114e-1 6.339685402182994e+7
7.110000000000116e-1 6.321639174224065e+7
7.120000000000116e-1 6.301981383861842e+7
7.130000000000116e-1 6.282174819665484e+7
7.140000000000115e-1 6.262219987192413e+7
7.150000000000115e-1 6.243575821916262e+7
7.160000000000117e-1 6.22333171394112e+7
7.170000000000117e-1 6.202950754878999e+7
7.180000000000116e-1 6.183889755095445e+7
7.190000000000116e-1 6.163237047038105e+7
7.200000000000117e-1 6.142457240495062e+7
7.210000000000119e-1 6.12155401148911e+7
7.220000000000117e-1 6.101979705350021e+7
7.230000000000117e-1 6.080833511700815e+7
7.240000000000119e-1 6.059576346599385e+7
7.25000000000012e-1 6.039657337684093e+7
7.260000000000119e-1 6.018182662456775e+7
7.270000000000119e-1 5.996607840548402e+7
7.28000000000012e-1 5.974939911141944e+7
7.29000000000012e-1 5.954616790523818e+7
7.30000000000012e-1 5.932766614392473e+7
7.31000000000012e-1 5.910836731629432e+7
7.320000000000121e-1 5.888833446942198e+7
7.330000000000121e-1 5.868180354399016e+7
7.340000000000121e-1 5.846035242892171e+7
7.350000000000121e-1 5.823833065600225e+7
7.360000000000122e-1 5.802987746458853e+7
7.370000000000122e-1 5.78067972662953e+7
7.380000000000122e-1 5.758329965426363e+7
7.390000000000121e-1 5.735947942150947e+7
7.400000000000123e-1 5.714925437530899e+7
7.410000000000123e-1 5.692485837368084e+7
7.420000000000123e-1 5.670031832118517e+7
7.430000000000122e-1 5.648941030574698e+7
7.440000000000124e-1 5.626473518404616e+7
7.450000000000124e-1 5.604010554588799e+7
7.460000000000124e-1 5.581563159319614e+7
7.470000000000123e-1 5.560478817585385e+7
7.480000000000123e-1 5.53807529953069e+7
7.490000000000125e-1 5.515708005177422e+7
7.500000000000125e-1 5.493388745336916e+7
7.510000000000124e-1 5.472429690428043e+7
7.520000000000124e-1 5.450217038015327e+7
7.530000000000125e-1 5.428075332133991e+7
7.540000000000127e-1 5.407292040654839e+7
7.550000000000125e-1 5.385312072882608e+7
7.560000000000126e-1 5.363428131155117e+7
7.570000000000127e-1 5.341652665535134e+7
7.580000000000128e-1 5.321228570430907e+7
7.590000000000127e-1 5.299687066086143e+7
7.600000000000127e-1 5.278280318585865e+7
7.610000000000128e-1 5.258216827030329e+7
7.620000000000128e-1 5.237104196911476e+7
7.630000000000128e-1 5.216156745038477e+7
7.640000000000128e-1 5.195385604580525e+7
7.650000000000129e-1 5.175945110620181e+7
7.660000000000129e-1 5.155549492283167e+7
7.670000000000129e-1 5.135360929842556e+7
7.680000000000129e-1 5.116487723386332e+7
7.69000000000013e-1 5.096737400958253e+7
7.70000000000013e-1 5.077229171698836e+7
7.71000000000013e-1 5.057972108055719e+7
7.720000000000129e-1 5.040009983870601e+7
7.730000000000131e-1 5.021279665090518e+7
7.740000000000131e-1 5.002835460151875e+7
7.750000000000131e-1 4.9846882038956897e+7
7.76000000000013e-1 4.9678096199668703e+7
7.770000000000132e-1 4.950278850065263e+7
7.780000000000132e-1 4.933079106947159e+7
7.790000000000132e-1 4.9171205884587177e+7
7.800000000000131e-1 4.900602357631588e+7
7.810000000000131e-1 4.8844520430594507e+7
7.820000000000134e-1 4.868677875998635e+7
7.830000000000134e-1 4.854106893235604e+7
7.840000000000132e-1 4.8391042293362374e+7
7.850000000000132e-1 4.82451308521018e+7
7.860000000000134e-1 4.8110883021379997e+7
7.870000000000135e-1 4.797329106580563e+7
7.880000000000134e-1 4.784016365557747e+7
7.890000000000134e-1 4.771156778688289e+7
7.900000000000135e-1 4.75941052229276e+7
7.910000000000135e-1 4.7474660653055656e+7
7.920000000000135e-1 4.73600766450587e+7
7.930000000000135e-1 4.725041087168271e+7
7.940000000000136e-1 4.7151258906500076e+7
7.950000000000136e-1 4.7051503313102416e+7
7.960000000000136e-1 4.69569595794796e+7
7.970000000000136e-1 4.687237872099066e+7
7.980000000000137e-1 4.6788198477726756e+7
7.990000000000137e-1 4.6709488088944573e+7
8.000000000000137e-1 4.66362858665411e+7
8.010000000000137e-1 4.657224440490714e+7
8.020000000000138e-1 4.6509977698116917e+7
8.030000000000138e-1 4.6453436397110026e+7
8.040000000000138e-1 4.640539546521379e+7
8.050000000000137e-1 4.636009550252576e+7
8.060000000000139e-1 4.632066897819735e+7
8.070000000000139e-1 4.628714680470439e+7
8.080000000000139e-1 4.6261135533888964e+7
8.090000000000138e-1 4.623916913385677e+7
8.100000000000138e-1 4.622320876506585e+7
8.11000000000014e-1 4.6213249220760444e+7
8.12000000000014e-1 4.6209719577992053e+7
8.130000000000139e-1 4.621147562038914e+7
8.140000000000139e-1 4.621928193240665e+7
8.150000000000142e-1 4.6232672451548185e+7
8.160000000000142e-1 4.625218665708075e+7
8.17000000000014e-1 4.627771876923851e+7
8.18000000000014e-1 4.6309255517988857e+7
8.190000000000142e-1 4.634514311870417e+7
8.200000000000143e-1 4.6388245404844164e+7
8.210000000000142e-1 4.643727062322179e+7
8.220000000000142e-1 4.648972197898338e+7
8.230000000000143e-1 4.6550123520790526e+7
8.240000000000143e-1 4.6616291125055903e+7
8.250000000000143e-1 4.6688203058821987e+7
8.260000000000143e-1 4.6762207325287697e+7
8.270000000000144e-1 4.684507196284579e+7
8.280000000000144e-1 4.6933477966964793e+7
8.290000000000144e-1 4.702737321745982e+7
8.300000000000144e-1 4.712199595611824e+7
8.310000000000145e-1 4.722629215680128e+7
8.320000000000145e-1 4.733583944344045e+7
8.330000000000145e-1 4.7445125698808693e+7
8.340000000000145e-1 4.7564623832773056e+7
8.350000000000146e-1 4.768908282974423e+7
8.360000000000146e-1 4.781844655943714e+7
8.370000000000146e-1 4.794617884896843e+7
8.380000000000145e-1 4.808475341784389e+7
8.390000000000147e-1 4.8227915257539444e+7
8.400000000000147e-1 4.8368460292653237e+7
8.410000000000147e-1 4.8520283888405263e+7
8.420000000000146e-1 4.8676363140864987e+7
8.430000000000146e-1 4.8836625132370404e+7
8.440000000000148e-1 4.899295608411586e+7
8.450000000000149e-1 4.9161033857819086e+7
8.460000000000147e-1 4.933294133113198e+7
8.470000000000147e-1 4.9508605897098984e+7
8.48000000000015e-1 4.967906991584124e+7
8.49000000000015e-1 4.986167327794851e+7
8.500000000000149e-1 5.004767320898302e+7
8.510000000000149e-1 5.022757704121226e+7
8.52000000000015e-1 5.041990037268946e+7
8.530000000000151e-1 5.061527409208262e+7
8.54000000000015e-1 5.08136121527626e+7
8.55000000000015e-1 5.100470646687453e+7
8.560000000000151e-1 5.120849208329381e+7
8.570000000000151e-1 5.14148911284176e+7
8.580000000000151e-1 5.16132231319093e+7
8.590000000000151e-1 5.182444739562412e+7
8.600000000000152e-1 5.203797358565605e+7
8.610000000000152e-1 5.225369343047361e+7
8.620000000000152e-1 5.246034202271579e+7
8.630000000000152e-1 5.268006481199989e+7
8.640000000000153e-1 5.290166989527465e+7
8.650000000000153e-1 5.312507032120887e+7
8.660000000000153e-1 5.33384742170954e+7
8.670000000000153e-1 5.356508793802837e+7
8.680000000000154e-1 5.379319013291376e+7
8.690000000000154e-1 5.401063449127321e+7
8.700000000000154e-1 5.424139325550644e+7
8.710000000000153e-1 5.447338066585867e+7
8.720000000000155e-1 5.470649208013253e+7
8.730000000000155e-1 5.492817229342384e+7
8.740000000000155e-1 5.516324557283553e+7
8.750000000000154e-1 5.539919087352388e+7
8.760000000000154e-1 5.56231455167269e+7
8.770000000000157e-1 5.586053692805925e+7
8.780000000000157e-1 5.609858624905711e+7
8.790000000000155e-1 5.633718170518899e+7
8.800000000000155e-1 5.656315473314335e+7
8.810000000000157e-1 5.68026029636306e+7
8.820000000000158e-1 5.704239921650316e+7
8.830000000000157e-1 5.728244805875966e+7
8.840000000000157e-1 5.750932095919153e+7
8.850000000000158e-1 5.774968006549239e+7
8.860000000000159e-1 5.799010502151875e+7
8.870000000000158e-1 5.821695600536498e+7
8.880000000000158e-1 5.845728093679804e+7
8.890000000000159e-1 5.869751346241594e+7
8.900000000000159e-1 5.893755897801417e+7
8.910000000000159e-1 5.91636004853291e+7
8.920000000000159e-1 5.94031017164757e+7
8.93000000000016e-1 5.964227681044085e+7
8.94000000000016e-1 5.986715530546814e+7
8.95000000000016e-1 6.010544300757314e+7
8.96000000000016e-1 6.034326917986779e+7
8.970000000000161e-1 6.058055959898648e+7
8.980000000000161e-1 6.080323043193072e+7
8.990000000000161e-1 6.103927395117502e+7
9.000000000000161e-1 6.127467256386736e+7
9.010000000000162e-1 6.150935083990522e+7
9.020000000000162e-1 6.172915141921345e+7
9.030000000000162e-1 6.196227336845086e+7
9.040000000000161e-1 6.21945864629241e+7
9.050000000000163e-1 6.241186183015701e+7
9.060000000000163e-1 6.264237860994568e+7
9.070000000000162e-1 6.287199169932955e+7
9.080000000000162e-1 6.310065142913633e+7
9.090000000000161e-1 6.331410348962432e+7
9.100000000000164e-1 6.354072781826972e+7
9.110000000000164e-1 6.376632982066928e+7
9.120000000000164e-1 6.397665159411409e+7
9.130000000000162e-1 6.420005564458473e+7
9.140000000000165e-1 6.44223501006236e+7
9.150000000000165e-1 6.464351909838678e+7
9.160000000000165e-1 6.484931760196797e+7
9.170000000000164e-1 6.506810837806177e+7
9.180000000000164e-1 6.528571191375079e+7
9.190000000000166e-1 6.550210189118086e+7
9.200000000000166e-1 6.570307910763029e+7
9.210000000000165e-1 6.591695295018312e+7
9.220000000000165e-1 6.612957601439304e+7
9.230000000000166e-1 6.632681126275127e+7
9.240000000000167e-1 6.653684099825996e+7
9.250000000000166e-1 6.674556316406591e+7
9.260000000000166e-1 6.695298331465591e+7
9.270000000000167e-1 6.71450410826594e+7
9.280000000000168e-1 6.734977792452963e+7
9.290000000000167e-1 6.755317777961183e+7
9.300000000000167e-1 6.774129407587971e+7
9.310000000000168e-1 6.79419964206508e+7
9.320000000000168e-1 6.81413173649697e+7
9.330000000000168e-1 6.833928404353572e+7
9.340000000000168e-1 6.85220587702965e+7
9.350000000000169e-1 6.871728364875053e+7
9.360000000000169e-1 6.891112377101313e+7
9.370000000000169e-1 6.910360233873123e+7
9.380000000000169e-1 6.928101287870033e+7
9.39000000000017e-1 6.947073551556205e+7
9.40000000000017e-1 6.96590837865882e+7
9.41000000000017e-1 6.98325096931281e+7
9.420000000000169e-1 7.001814844510978e+7
9.430000000000172e-1 7.020239700593633e+7
9.440000000000172e-1 7.03852924949756e+7
9.450000000000172e-1 7.055344836462278e+7
9.46000000000017e-1 7.07336603104707e+7
9.470000000000173e-1 7.091251210791724e+7
9.480000000000173e-1 7.107679411415654e+7
9.490000000000173e-1 7.125303856127364e+7
9.500000000000172e-1 7.142793357036296e+7
9.510000000000172e-1 7.160151142909156e+7
9.520000000000174e-1 7.176075943516562e+7
9.530000000000174e-1 7.19317988832441e+7
9.540000000000173e-1 7.210153170654406e+7
9.550000000000173e-1 7.227000058559021e+7
9.560000000000174e-1 7.242440167512747e+7
9.570000000000175e-1 7.259041827721828e+7
9.580000000000174e-1 7.275518533531117e+7
9.590000000000174e-1 7.290610172225378e+7
9.600000000000175e-1 7.306852902519336e+7
9.610000000000175e-1 7.32297453430256e+7
9.620000000000175e-1 7.338978151321677e+7
9.630000000000175e-1 7.353627992127566e+7
9.640000000000176e-1 7.369410156393343e+7
9.650000000000176e-1 7.385077801954406e+7
9.660000000000176e-1 7.399414769342397e+7
9.670000000000176e-1 7.414872289075976e+7
9.680000000000177e-1 7.430222147966073e+7
9.690000000000177e-1 7.445465359397729e+7
9.700000000000177e-1 7.459413703274407e+7
9.710000000000177e-1 7.474463184762323e+7
9.720000000000178e-1 7.489412350688206e+7
9.730000000000179e-1 7.504263899167098e+7
9.740000000000179e-1 7.517858226159447e+7
9.750000000000177e-1 7.532533326816286e+7
9.76000000000018e-1 7.547116549072254e+7
9.77000000000018e-1 7.560469567165655e+7
9.78000000000018e-1 7.574889742320845e+7
9.790000000000179e-1 7.589226981380227e+7
9.800000000000179e-1 7.603481903005811e+7
9.810000000000181e-1 7.61654808988224e+7
9.820000000000181e-1 7.630660541244546e+7
9.83000000000018e-1 7.644699128821989e+7
9.84000000000018e-1 7.65757820835899e+7
9.850000000000182e-1 7.671487300857162e+7
9.860000000000182e-1 7.685332907700333e+7
9.870000000000181e-1 7.699114554490578e+7
9.880000000000181e-1 7.711781127239357e+7
9.890000000000182e-1 7.725456396586297e+7
9.900000000000183e-1 7.739078233108078e+7
9.910000000000182e-1 7.752646930339816e+7
9.920000000000182e-1 7.765146801496251e+7
9.930000000000183e-1 7.778632949507686e+7
9.940000000000183e-1 7.792076119607013e+7
9.950000000000183e-1 7.804483382050554e+7
9.960000000000183e-1 7.817858578767478e+7
9.970000000000184e-1 7.831202011093412e+7
9.980000000000184e-1 7.84451347015904e+7
9.990000000000184e-1 7.856837523501726e+7
