0.0e+0 7.43103725e+7
1.e-3 7.43103725e+7
2.e-3 7.43103725e+7
3.e-3 7.43103725e+7
4.e-3 7.43103725e+7
5.e-3 7.43103725e+7
6.e-3 7.43103725e+7
7.000000000000001e-3 7.43103725e+7
8.e-3 7.43103725e+7
8.999999999999999e-3 7.43103725e+7
9.999999999999998e-3 7.43103725e+7
1.0999999999999996e-2 7.43103725e+7
1.1999999999999997e-2 7.43103725e+7
1.2999999999999995e-2 7.43103725e+7
1.3999999999999996e-2 7.43103725e+7
1.4999999999999994e-2 7.43103725e+7
1.5999999999999992e-2 7.43103725e+7
1.6999999999999993e-2 7.43103725e+7
1.799999999999999e-2 7.43103725e+7
1.8999999999999992e-2 7.43103725e+7
1.999999999999999e-2 7.43103725e+7
2.099999999999999e-2 7.43103725e+7
2.199999999999999e-2 7.43103725e+7
2.299999999999999e-2 7.43103725e+7
2.3999999999999985e-2 7.43103725e+7
2.4999999999999992e-2 7.43103725e+7
2.5999999999999984e-2 7.43103725e+7
2.6999999999999985e-2 7.43103725e+7
2.799999999999998e-2 7.43103725e+7
2.899999999999998e-2 7.43103725e+7
2.999999999999998e-2 7.43103725e+7
3.0999999999999983e-2 7.43103725e+7
3.199999999999998e-2 7.43103725e+7
3.299999999999998e-2 7.43103725e+7
3.399999999999998e-2 7.43103725e+7
3.4999999999999976e-2 7.43103725e+7
3.5999999999999976e-2 7.43103725e+7
3.699999999999998e-2 7.43103725e+7
3.799999999999998e-2 7.43103725e+7
3.8999999999999974e-2 7.43103725e+7
3.9999999999999974e-2 7.43103725e+7
4.0999999999999975e-2 7.43103725e+7
4.1999999999999976e-2 7.43103725e+7
4.299999999999997e-2 7.43103725e+7
4.399999999999997e-2 7.43103725e+7
4.4999999999999973e-2 7.43103725e+7
4.5999999999999974e-2 7.43103725e+7
4.6999999999999964e-2 7.43103725e+7
4.7999999999999965e-2 7.43103725e+7
4.8999999999999966e-2 7.43103725e+7
4.9999999999999967e-2 7.43103725e+7
5.099999999999996e-2 7.43103725e+7
5.199999999999996e-2 7.43103725e+7
5.299999999999996e-2 7.43103725e+7
5.399999999999996e-2 7.43103725e+7
5.499999999999996e-2 7.43103725e+7
5.599999999999996e-2 7.43103725e+7
5.699999999999996e-2 7.43103725e+7
5.799999999999996e-2 7.43103725e+7
5.899999999999996e-2 7.43103725e+7
5.999999999999996e-2 7.43103725e+7
6.099999999999997e-2 7.43103725e+7
6.199999999999997e-2 7.43103725e+7
6.299999999999996e-2 7.43103725e+7
6.399999999999996e-2 7.43103725e+7
6.499999999999996e-2 7.43103725e+7
6.599999999999996e-2 7.43103725e+7
6.699999999999996e-2 7.43103725e+7
6.799999999999996e-2 7.43103725e+7
6.899999999999995e-2 7.43103725e+7
6.999999999999995e-2 7.43103725e+7
7.099999999999995e-2 7.43103725e+7
7.199999999999995e-2 7.43103725e+7
7.299999999999995e-2 7.43103725e+7
7.399999999999995e-2 7.43103725e+7
7.499999999999996e-2 7.43103725e+7
7.599999999999996e-2 7.43103725e+7
7.699999999999996e-2 7.43103725e+7
7.799999999999995e-2 7.43103725e+7
7.899999999999995e-2 7.43103725e+7
7.999999999999995e-2 7.43103725e+7
8.099999999999995e-2 7.43103725e+7
8.199999999999995e-2 7.43103725e+7
8.299999999999995e-2 7.43103725e+7
8.399999999999995e-2 7.43103725e+7
8.499999999999995e-2 7.43103725e+7
8.599999999999994e-2 7.43103725e+7
8.699999999999994e-2 7.43103725e+7
8.799999999999994e-2 7.43103725e+7
8.899999999999995e-2 7.43103725e+7
8.999999999999995e-2 7.43103725e+7
9.099999999999995e-2 7.43103725e+7
9.199999999999995e-2 7.43103725e+7
9.299999999999995e-2 7.43103725e+7
9.399999999999993e-2 7.43103725e+7
9.499999999999993e-2 7.43103725e+7
9.599999999999993e-2 7.43103725e+7
9.699999999999993e-2 7.43103725e+7
9.799999999999993e-2 7.43103725e+7
9.899999999999993e-2 7.43103725e+7
9.999999999999993e-2 7.43103725e+7
1.0099999999999994e-1 7.43103725e+7
1.0199999999999991e-1 7.43103725e+7
1.0299999999999994e-1 7.43103725e+7
1.0399999999999991e-1 7.43103725e+7
1.0499999999999994e-1 7.43103725e+7
1.0599999999999991e-1 7.43103725e+7
1.0699999999999994e-1 7.43103725e+7
1.0799999999999992e-1 7.43103725e+7
1.0899999999999994e-1 7.43103725e+7
1.0999999999999992e-1 7.43103725e+7
1.1099999999999992e-1 7.43103725e+7
1.1199999999999992e-1 7.43103725e+7
1.1299999999999992e-1 7.43103725e+7
1.1399999999999992e-1 7.43103725e+7
1.1499999999999995e-1 7.43103725e+7
1.1599999999999992e-1 7.43103725e+7
1.1699999999999995e-1 7.43103725e+7
1.1799999999999992e-1 7.43103725e+7
1.1899999999999993e-1 7.43103725e+7
1.1999999999999993e-1 7.43103725e+7
1.2099999999999993e-1 7.43103725e+7
1.2199999999999993e-1 7.43103725e+7
1.2299999999999993e-1 7.43103725e+7
1.2399999999999993e-1 7.43103725e+7
1.2499999999999993e-1 7.43103725e+7
1.2599999999999992e-1 7.43103725e+7
1.2699999999999992e-1 7.43103725e+7
1.2799999999999992e-1 7.43103725e+7
1.2899999999999992e-1 7.43103725e+7
1.2999999999999992e-1 7.43103725e+7
1.3099999999999992e-1 7.43103725e+7
1.3199999999999992e-1 7.43103725e+7
1.3299999999999992e-1 7.43103725e+7
1.3399999999999992e-1 7.43103725e+7
1.3499999999999993e-1 7.43103725e+7
1.3599999999999993e-1 7.43103725e+7
1.3699999999999993e-1 7.43103725e+7
1.379999999999999e-1 7.43103725e+7
1.389999999999999e-1 7.43103725e+7
1.399999999999999e-1 7.43103725e+7
1.409999999999999e-1 7.43103725e+7
1.419999999999999e-1 7.43103725e+7
1.429999999999999e-1 7.43103725e+7
1.439999999999999e-1 7.43103725e+7
1.449999999999999e-1 7.43103725e+7
1.459999999999999e-1 7.43103725e+7
1.469999999999999e-1 7.43103725e+7
1.479999999999999e-1 7.43103725e+7
1.489999999999999e-1 7.43103725e+7
1.499999999999999e-1 7.43103725e+7
1.509999999999999e-1 7.43103725e+7
1.519999999999999e-1 7.43103725e+7
1.529999999999999e-1 7.43103725e+7
1.5399999999999991e-1 7.43103725e+7
1.549999999999999e-1 7.43103725e+7
1.559999999999999e-1 7.43103725e+7
1.569999999999999e-1 7.43103725e+7
1.579999999999999e-1 7.43103725e+7
1.589999999999999e-1 7.43103725e+7
1.599999999999999e-1 7.43103725e+7
1.609999999999999e-1 7.43103725e+7
1.619999999999999e-1 7.43103725e+7
1.629999999999999e-1 7.43103725e+7
1.639999999999999e-1 7.43103725e+7
1.649999999999999e-1 7.43103725e+7
1.659999999999999e-1 7.43103725e+7
1.669999999999999e-1 7.43103725e+7
1.679999999999999e-1 7.43103725e+7
1.689999999999999e-1 7.43103725e+7
1.699999999999999e-1 7.43103725e+7
1.7099999999999987e-1 7.43103725e+7
1.7199999999999988e-1 7.43103725e+7
1.7299999999999988e-1 7.43103725e+7
1.7399999999999988e-1 7.43103725e+7
1.7499999999999988e-1 7.43103725e+7
1.7599999999999988e-1 7.43103725e+7
1.7699999999999988e-1 7.43103725e+7
1.7799999999999988e-1 7.43103725e+7
1.7899999999999988e-1 7.43103725e+7
1.7999999999999988e-1 7.43103725e+7
1.8099999999999988e-1 7.43103725e+7
1.8199999999999988e-1 7.43103725e+7
1.8299999999999988e-1 7.43103725e+7
1.8399999999999989e-1 7.43103725e+7
1.849999999999999e-1 7.43103725e+7
1.859999999999999e-1 7.43103725e+7
1.8699999999999986e-1 7.43103725e+7
1.8799999999999986e-1 7.43103725e+7
1.8899999999999986e-1 7.43103725e+7
1.8999999999999986e-1 7.43103725e+7
1.9099999999999986e-1 7.43103725e+7
1.9199999999999987e-1 7.43103725e+7
1.9299999999999987e-1 7.43103725e+7
1.9399999999999987e-1 7.43103725e+7
1.9499999999999987e-1 7.43103725e+7
1.9599999999999987e-1 7.43103725e+7
1.9699999999999987e-1 7.43103725e+7
1.9799999999999987e-1 7.43103725e+7
1.9899999999999987e-1 7.43103725e+7
1.9999999999999987e-1 7.43103725e+7
2.009999999999999e-1 7.43103725e+7
2.0199999999999987e-1 7.43103725e+7
2.029999999999999e-1 7.43103725e+7
2.0399999999999982e-1 7.43103725e+7
2.0499999999999985e-1 7.43103725e+7
2.0599999999999988e-1 7.43103725e+7
2.0699999999999985e-1 7.43103725e+7
2.0799999999999982e-1 7.43103725e+7
2.0899999999999985e-1 7.43103725e+7
2.0999999999999988e-1 7.43103725e+7
2.1099999999999985e-1 7.43103725e+7
2.1199999999999983e-1 7.43103725e+7
2.1299999999999986e-1 7.43103725e+7
2.1399999999999988e-1 7.43103725e+7
2.1499999999999986e-1 7.43103725e+7
2.1599999999999983e-1 7.43103725e+7
2.1699999999999986e-1 7.43103725e+7
2.179999999999999e-1 7.43103725e+7
2.1899999999999986e-1 7.43103725e+7
2.1999999999999983e-1 7.43103725e+7
2.209999999999998e-1 7.43103725e+7
2.2199999999999984e-1 7.43103725e+7
2.229999999999998e-1 7.43103725e+7
2.2399999999999984e-1 7.43103725e+7
2.249999999999998e-1 7.43103725e+7
2.2599999999999984e-1 7.43103725e+7
2.269999999999998e-1 7.43103725e+7
2.2799999999999984e-1 7.43103725e+7
2.2899999999999993e-1 7.43103725e+7
2.2999999999999993e-1 7.43103725e+7
2.3099999999999993e-1 7.43103725e+7
2.3199999999999993e-1 7.43103725e+7
2.33e-1 7.43103725e+7
2.3400000000000004e-1 7.43103725e+7
2.3500000000000004e-1 7.43103725e+7
2.3600000000000007e-1 7.43103725e+7
2.370000000000001e-1 7.43103725e+7
2.3800000000000007e-1 7.43103725e+7
2.3900000000000016e-1 7.43103725e+7
2.4000000000000016e-1 7.43103725e+7
2.410000000000002e-1 7.43103725e+7
2.4200000000000021e-1 7.43103725e+7
2.4300000000000024e-1 7.43103725e+7
2.4400000000000027e-1 7.43103725e+7
2.4500000000000027e-1 7.43103725e+7
2.460000000000003e-1 7.43103725e+7
2.4700000000000033e-1 7.43103725e+7
2.4800000000000036e-1 7.43103725e+7
2.490000000000004e-1 7.43103725e+7
2.500000000000004e-1 7.43103725e+7
2.5100000000000044e-1 7.43103725e+7
2.5200000000000045e-1 7.43103725e+7
2.530000000000005e-1 7.43103725e+7
2.540000000000005e-1 7.43103725e+7
2.550000000000005e-1 7.43103725e+7
2.5600000000000056e-1 7.43103725e+7
2.5700000000000056e-1 7.43103725e+7
2.580000000000006e-1 7.43103725e+7
2.590000000000006e-1 7.43103725e+7
2.600000000000006e-1 7.43103725e+7
2.610000000000007e-1 7.43103725e+7
2.620000000000007e-1 7.43103725e+7
2.6300000000000073e-1 7.43103725e+7
2.6400000000000073e-1 7.43103725e+7
2.650000000000008e-1 7.43103725e+7
2.660000000000008e-1 7.43103725e+7
2.6700000000000074e-1 7.43103725e+7
2.6800000000000085e-1 7.43103725e+7
2.690000000000008e-1 7.43103725e+7
2.700000000000009e-1 7.43103725e+7
2.7100000000000085e-1 7.43103725e+7
2.7200000000000096e-1 7.43103725e+7
2.730000000000009e-1 7.43103725e+7
2.7400000000000097e-1 7.43103725e+7
2.7500000000000097e-1 7.43103725e+7
2.76000000000001e-1 7.43103725e+7
2.77000000000001e-1 7.43103725e+7
2.780000000000011e-1 7.43103725e+7
2.790000000000011e-1 7.43103725e+7
2.8000000000000114e-1 7.43103725e+7
2.8100000000000114e-1 7.43103725e+7
2.820000000000012e-1 7.43103725e+7
2.830000000000012e-1 7.43103725e+7
2.8400000000000125e-1 7.43103725e+7
2.8500000000000125e-1 7.43103725e+7
2.8600000000000125e-1 7.43103725e+7
2.870000000000013e-1 7.43103725e+7
2.880000000000013e-1 7.43103725e+7
2.8900000000000137e-1 7.43103725e+7
2.9000000000000137e-1 7.43103725e+7
2.910000000000014e-1 7.43103725e+7
2.920000000000014e-1 7.43103725e+7
2.930000000000014e-1 7.43103725e+7
2.940000000000015e-1 7.43103725e+7
2.950000000000015e-1 7.43103725e+7
2.9600000000000154e-1 7.43103725e+7
2.9700000000000154e-1 7.43103725e+7
2.980000000000016e-1 7.43103725e+7
2.990000000000016e-1 7.43103725e+7
3.0000000000000154e-1 7.43103725e+7
3.0100000000000166e-1 7.43103725e+7
3.020000000000016e-1 7.43103725e+7
3.030000000000017e-1 7.43103725e+7
3.0400000000000166e-1 7.43103725e+7
3.050000000000017e-1 7.43103725e+7
3.060000000000017e-1 7.43103725e+7
3.0700000000000177e-1 7.43103725e+7
3.080000000000018e-1 7.43103725e+7
3.0900000000000183e-1 7.43103725e+7
3.1000000000000183e-1 7.43103725e+7
3.110000000000019e-1 7.43103725e+7
3.120000000000019e-1 7.43103725e+7
3.1300000000000194e-1 7.43103725e+7
3.140000000000019e-1 7.43103725e+7
3.15000000000002e-1 7.43103725e+7
3.1600000000000195e-1 7.43103725e+7
3.1700000000000206e-1 7.43103725e+7
3.18000000000002e-1 7.43103725e+7
3.1900000000000206e-1 7.43103725e+7
3.2000000000000206e-1 7.43103725e+7
3.210000000000021e-1 7.43103725e+7
3.220000000000021e-1 7.43103725e+7
3.230000000000022e-1 7.43103725e+7
3.240000000000022e-1 7.43103725e+7
3.2500000000000223e-1 7.43103725e+7
3.2600000000000223e-1 7.43103725e+7
3.270000000000023e-1 7.43103725e+7
3.280000000000023e-1 7.43103725e+7
3.2900000000000235e-1 7.43103725e+7
3.3000000000000235e-1 7.43103725e+7
3.310000000000023e-1 7.43103725e+7
3.320000000000024e-1 7.43103725e+7
3.3300000000000235e-1 7.43103725e+7
3.3400000000000246e-1 7.43103725e+7
3.350000000000024e-1 7.43103725e+7
3.360000000000025e-1 7.43103725e+7
3.3700000000000246e-1 7.43103725e+7
3.380000000000025e-1 7.43103725e+7
3.390000000000025e-1 7.43103725e+7
3.400000000000026e-1 7.43103725e+7
3.410000000000026e-1 7.43103725e+7
3.4200000000000264e-1 7.43103725e+7
3.4300000000000264e-1 7.43103725e+7
3.440000000000027e-1 7.43103725e+7
3.4500000000000264e-1 7.43103725e+7
3.4600000000000275e-1 7.43103725e+7
3.470000000000027e-1 7.43103725e+7
3.480000000000028e-1 7.43103725e+7
3.4900000000000275e-1 7.43103725e+7
3.5000000000000286e-1 7.43103725e+7
3.510000000000028e-1 7.43103725e+7
3.5200000000000287e-1 7.43103725e+7
3.5300000000000287e-1 7.43103725e+7
3.540000000000029e-1 7.43103725e+7
3.550000000000029e-1 7.43103725e+7
3.56000000000003e-1 7.43103725e+7
3.57000000000003e-1 7.43103725e+7
3.5800000000000304e-1 7.43103725e+7
3.5900000000000304e-1 7.43103725e+7
3.600000000000031e-1 7.43103725e+7
3.610000000000031e-1 7.43103725e+7
3.6200000000000315e-1 7.43103725e+7
3.6300000000000315e-1 7.43103725e+7
3.640000000000031e-1 7.43103725e+7
3.650000000000032e-1 7.43103725e+7
3.6600000000000316e-1 7.43103725e+7
3.6700000000000327e-1 7.43103725e+7
3.680000000000032e-1 7.43103725e+7
3.690000000000033e-1 7.43103725e+7
3.7000000000000327e-1 7.43103725e+7
3.710000000000033e-1 7.43103725e+7
3.7200000000000333e-1 7.43103725e+7
3.730000000000034e-1 7.43103725e+7
3.740000000000034e-1 7.43103725e+7
3.7500000000000344e-1 7.43103725e+7
3.760000000000034e-1 7.43103725e+7
3.770000000000035e-1 7.43103725e+7
3.7800000000000344e-1 7.43103725e+7
3.7900000000000356e-1 7.43103725e+7
3.800000000000035e-1 7.43103725e+7
3.810000000000036e-1 7.43103725e+7
3.8200000000000356e-1 7.43103725e+7
3.830000000000036e-1 7.43103725e+7
3.840000000000036e-1 7.43103725e+7
3.850000000000037e-1 7.43103725e+7
3.860000000000037e-1 7.43103725e+7
3.8700000000000373e-1 7.43103725e+7
3.8800000000000373e-1 7.43103725e+7
3.890000000000038e-1 7.43103725e+7
3.900000000000038e-1 7.43103725e+7
3.9100000000000384e-1 7.43103725e+7
3.9200000000000385e-1 7.43103725e+7
3.930000000000039e-1 7.43103725e+7
3.940000000000039e-1 7.43103725e+7
3.9500000000000396e-1 7.43103725e+7
3.9600000000000396e-1 7.43103725e+7
3.970000000000039e-1 7.43103725e+7
3.98000000000004e-1 7.43103725e+7
3.9900000000000396e-1 7.43103725e+7
4.000000000000041e-1 7.43103725e+7
4.01000000000004e-1 7.43103725e+7
4.020000000000041e-1 7.43103725e+7
4.030000000000041e-1 7.43103725e+7
4.0400000000000413e-1 7.43103725e+7
4.0500000000000413e-1 7.43103725e+7
4.060000000000042e-1 7.43103725e+7
4.070000000000042e-1 7.43103725e+7
4.0800000000000425e-1 7.43103725e+7
4.090000000000042e-1 7.43103725e+7
4.100000000000043e-1 7.43103725e+7
4.1100000000000425e-1 7.43103725e+7
4.1200000000000436e-1 7.43103725e+7
4.130000000000043e-1 7.43103725e+7
4.140000000000044e-1 7.43103725e+7
4.1500000000000437e-1 7.43103725e+7
4.160000000000044e-1 7.43103725e+7
4.170000000000044e-1 7.43103725e+7
4.180000000000045e-1 7.43103725e+7
4.190000000000045e-1 7.43103725e+7
4.2000000000000454e-1 7.43103725e+7
4.2100000000000454e-1 7.43103725e+7
4.220000000000046e-1 7.43103725e+7
4.230000000000046e-1 7.43103725e+7
4.2400000000000465e-1 7.43103725e+7
4.2500000000000465e-1 7.43103725e+7
4.260000000000047e-1 7.43103725e+7
4.270000000000047e-1 7.43103725e+7
4.2800000000000465e-1 7.43103725e+7
4.2900000000000477e-1 7.43103725e+7
4.300000000000047e-1 7.43103725e+7
4.310000000000048e-1 7.43103725e+7
4.3200000000000477e-1 7.43103725e+7
4.330000000000049e-1 7.43103725e+7
4.340000000000048e-1 7.43103725e+7
4.350000000000049e-1 7.43103725e+7
4.360000000000049e-1 7.43103725e+7
4.3700000000000494e-1 7.43103725e+7
4.3800000000000494e-1 7.43103725e+7
4.39000000000005e-1 7.43103725e+7
4.40000000000005e-1 7.43103725e+7
4.4100000000000505e-1 7.43103725e+7
4.42000000000005e-1 7.43103725e+7
4.430000000000051e-1 7.43103725e+7
4.4400000000000506e-1 7.43103725e+7
4.4500000000000517e-1 7.43103725e+7
4.460000000000051e-1 7.43103725e+7
4.4700000000000517e-1 7.43103725e+7
4.4800000000000517e-1 7.43103725e+7
4.4900000000000523e-1 7.43103725e+7
4.5000000000000523e-1 7.43103725e+7
4.510000000000053e-1 7.43103725e+7
4.520000000000053e-1 7.43103725e+7
4.5300000000000534e-1 7.43103725e+7
4.5400000000000534e-1 7.43103725e+7
4.550000000000053e-1 7.43103725e+7
4.5600000000000535e-1 7.43103725e+7
4.5700000000000535e-1 7.43103725e+7
4.580000000000054e-1 7.43103725e+7
4.590000000000054e-1 7.43103725e+7
4.6000000000000546e-1 7.43103725e+7
4.6100000000000546e-1 7.43103725e+7
4.620000000000055e-1 7.43103725e+7
4.6300000000000546e-1 7.43103725e+7
4.640000000000056e-1 7.43103725e+7
4.650000000000055e-1 7.43103725e+7
4.6600000000000563e-1 7.43103725e+7
4.670000000000056e-1 7.43103725e+7
4.6800000000000563e-1 7.43103725e+7
4.6900000000000563e-1 7.43103725e+7
4.700000000000057e-1 7.43103725e+7
4.710000000000057e-1 7.43103725e+7
4.7200000000000575e-1 7.43103725e+7
4.7300000000000575e-1 7.43103725e+7
4.740000000000058e-1 7.43103725e+7
4.750000000000058e-1 7.43103725e+7
4.7600000000000586e-1 7.43103725e+7
4.7700000000000586e-1 7.43103725e+7
4.780000000000059e-1 7.43103725e+7
4.790000000000059e-1 7.43103725e+7
4.80000000000006e-1 7.43103725e+7
4.81000000000006e-1 7.43103725e+7
4.820000000000059e-1 7.43103725e+7
4.8300000000000604e-1 7.43103725e+7
4.84000000000006e-1 7.43103725e+7
4.850000000000061e-1 7.43103725e+7
4.8600000000000604e-1 7.43103725e+7
4.870000000000061e-1 7.43103725e+7
4.880000000000061e-1 7.43103725e+7
4.8900000000000615e-1 7.43103725e+7
4.9000000000000615e-1 7.43103725e+7
4.910000000000062e-1 7.43103725e+7
4.920000000000062e-1 7.43103725e+7
4.9300000000000627e-1 7.43103725e+7
4.940000000000062e-1 7.43103725e+7
4.950000000000063e-1 7.43103725e+7
4.9600000000000627e-1 7.43103725e+7
4.970000000000064e-1 7.43103725e+7
4.980000000000063e-1 7.43103725e+7
4.9900000000000644e-1 7.43103725e+7
5.000000000000063e-1 7.43103725e+7
5.010000000000064e-1 7.43103725e+7
5.020000000000064e-1 7.43103725e+7
5.030000000000066e-1 7.43103725e+7
5.040000000000064e-1 7.43103725e+7
5.050000000000066e-1 7.43103725e+7
5.060000000000066e-1 7.43103725e+7
5.070000000000066e-1 7.43103725e+7
5.080000000000066e-1 7.43103725e+7
5.090000000000067e-1 7.43103725e+7
5.100000000000067e-1 7.43103725e+7
5.110000000000067e-1 7.43103725e+7
5.120000000000067e-1 7.43103725e+7
5.130000000000068e-1 7.43103725e+7
5.140000000000068e-1 7.43103725e+7
5.150000000000068e-1 7.43103725e+7
5.160000000000068e-1 7.43103725e+7
5.170000000000069e-1 7.43103725e+7
5.180000000000069e-1 7.43103725e+7
5.190000000000069e-1 7.43103725e+7
5.200000000000069e-1 7.43103725e+7
5.210000000000068e-1 7.43103725e+7
5.22000000000007e-1 7.43103725e+7
5.23000000000007e-1 7.43103725e+7
5.24000000000007e-1 7.43103725e+7
5.250000000000069e-1 7.43103725e+7
5.26000000000007e-1 7.43103725e+7
5.270000000000071e-1 7.43103725e+7
5.280000000000071e-1 7.43103725e+7
5.29000000000007e-1 7.43103725e+7
5.300000000000071e-1 7.43103725e+7
5.310000000000072e-1 7.43103725e+7
5.320000000000072e-1 7.43103725e+7
5.330000000000071e-1 7.43103725e+7
5.340000000000072e-1 7.43103725e+7
5.350000000000072e-1 7.43103725e+7
5.360000000000074e-1 7.43103725e+7
5.370000000000072e-1 7.43103725e+7
5.380000000000074e-1 7.43103725e+7
5.390000000000074e-1 7.43103725e+7
5.400000000000074e-1 7.43103725e+7
5.410000000000074e-1 7.43103725e+7
5.420000000000075e-1 7.43103725e+7
5.430000000000075e-1 7.43103725e+7
5.440000000000075e-1 7.43103725e+7
5.450000000000075e-1 7.43103725e+7
5.460000000000076e-1 7.43103725e+7
5.470000000000076e-1 7.43103725e+7
5.480000000000076e-1 7.43103725e+7
5.490000000000076e-1 7.43103725e+7
5.500000000000077e-1 7.43103725e+7
5.510000000000077e-1 7.43103725e+7
5.520000000000077e-1 7.43103725e+7
5.530000000000077e-1 7.43103725e+7
5.540000000000076e-1 7.43103725e+7
5.550000000000078e-1 7.43103725e+7
5.560000000000078e-1 7.43103725e+7
5.570000000000078e-1 7.43103725e+7
5.580000000000077e-1 7.43103725e+7
5.590000000000078e-1 7.43103725e+7
5.600000000000079e-1 7.43103725e+7
5.610000000000079e-1 7.43103725e+7
5.620000000000078e-1 7.43103725e+7
5.630000000000079e-1 7.43103725e+7
5.64000000000008e-1 7.43103725e+7
5.65000000000008e-1 7.43103725e+7
5.660000000000079e-1 7.43103725e+7
5.67000000000008e-1 7.43103725e+7
5.68000000000008e-1 7.43103725e+7
5.690000000000082e-1 7.43103725e+7
5.700000000000081e-1 7.43103725e+7
5.710000000000082e-1 7.43103725e+7
5.720000000000082e-1 7.43103725e+7
5.730000000000082e-1 7.43103725e+7
5.740000000000082e-1 7.43103725e+7
5.750000000000083e-1 7.43103725e+7
5.760000000000083e-1 7.43103725e+7
5.770000000000083e-1 7.43103725e+7
5.780000000000083e-1 7.43103725e+7
5.790000000000084e-1 7.43103725e+7
5.800000000000084e-1 7.43103725e+7
5.810000000000084e-1 7.43103725e+7
5.820000000000084e-1 7.43103725e+7
5.830000000000085e-1 7.43103725e+7
5.840000000000085e-1 7.43103725e+7
5.850000000000085e-1 7.43103725e+7
5.860000000000085e-1 7.43103725e+7
5.870000000000084e-1 7.43103725e+7
5.880000000000086e-1 7.43103725e+7
5.890000000000086e-1 7.43103725e+7
5.900000000000086e-1 7.43103725e+7
5.910000000000085e-1 7.43103725e+7
5.920000000000086e-1 7.43103725e+7
5.930000000000087e-1 7.43103725e+7
5.940000000000087e-1 7.43103725e+7
5.950000000000086e-1 7.43103725e+7
5.960000000000087e-1 7.43103725e+7
5.970000000000087e-1 7.43103725e+7
5.980000000000089e-1 7.43103725e+7
5.990000000000087e-1 7.43103725e+7
6.000000000000089e-1 7.43103725e+7
6.010000000000089e-1 7.43103725e+7
6.02000000000009e-1 7.43103725e+7
6.030000000000089e-1 7.43103725e+7
6.04000000000009e-1 7.43103725e+7
6.05000000000009e-1 7.43103725e+7
6.06000000000009e-1 7.43103725e+7
6.07000000000009e-1 7.43103725e+7
6.080000000000091e-1 7.43103725e+7
6.090000000000091e-1 7.43103725e+7
6.100000000000091e-1 7.43103725e+7
6.110000000000091e-1 7.43103725e+7
6.120000000000092e-1 7.43103725e+7
6.130000000000092e-1 7.43103725e+7
6.140000000000092e-1 7.43103725e+7
6.150000000000092e-1 7.43103725e+7
6.160000000000091e-1 7.43103725e+7
6.170000000000093e-1 7.43103725e+7
6.180000000000093e-1 7.43103725e+7
6.190000000000093e-1 7.43103725e+7
6.200000000000092e-1 7.43103725e+7
6.210000000000094e-1 7.43103725e+7
6.220000000000094e-1 7.43103725e+7
6.230000000000094e-1 7.43103725e+7
6.240000000000093e-1 7.43103725e+7
6.250000000000094e-1 7.43103725e+7
6.260000000000095e-1 7.43103725e+7
6.270000000000094e-1 7.43103725e+7
6.280000000000094e-1 7.43103725e+7
6.290000000000096e-1 7.43103725e+7
6.300000000000096e-1 7.43103725e+7
6.310000000000096e-1 7.43103725e+7
6.320000000000096e-1 7.43103725e+7
6.330000000000097e-1 7.43103725e+7
6.340000000000097e-1 7.43103725e+7
6.350000000000097e-1 7.43103725e+7
6.360000000000097e-1 7.43103725e+7
6.370000000000098e-1 7.43103725e+7
6.380000000000098e-1 7.43103725e+7
6.390000000000098e-1 7.43103725e+7
6.400000000000098e-1 7.43103725e+7
6.410000000000099e-1 7.43103725e+7
6.420000000000099e-1 7.43103725e+7
6.430000000000099e-1 7.43103725e+7
6.440000000000098e-1 7.43103725e+7
6.4500000000001e-1 7.43103725e+7
6.4600000000001e-1 7.43103725e+7
6.4700000000001e-1 7.43103725e+7
6.480000000000099e-1 7.43103725e+7
6.490000000000099e-1 7.43103725e+7
6.500000000000101e-1 7.43103725e+7
6.510000000000101e-1 7.43103725e+7
6.5200000000001e-1 7.43103725e+7
6.5300000000001e-1 7.43103725e+7
6.540000000000102e-1 7.43103725e+7
6.550000000000102e-1 7.43103725e+7
6.560000000000101e-1 7.43103725e+7
6.570000000000101e-1 7.43103725e+7
6.580000000000102e-1 7.43103725e+7
6.590000000000104e-1 7.43103725e+7
6.600000000000102e-1 7.43103725e+7
6.610000000000102e-1 7.43103725e+7
6.620000000000104e-1 7.43103725e+7
6.630000000000104e-1 7.43103725e+7
6.640000000000104e-1 7.43103725e+7
6.650000000000104e-1 7.43103725e+7
6.660000000000105e-1 7.43103725e+7
6.670000000000105e-1 7.43103725e+7
6.680000000000105e-1 7.43103725e+7
6.690000000000105e-1 7.43103725e+7
6.700000000000106e-1 7.43103725e+7
6.710000000000106e-1 7.43103725e+7
6.720000000000106e-1 7.43103725e+7
6.730000000000106e-1 7.43103725e+7
6.740000000000107e-1 7.43103725e+7
6.750000000000107e-1 7.43103725e+7
6.760000000000107e-1 7.43103725e+7
6.770000000000106e-1 7.43103725e+7
6.780000000000108e-1 7.43103725e+7
6.790000000000108e-1 7.43103725e+7
6.800000000000108e-1 7.43103725e+7
6.810000000000107e-1 7.43103725e+7
6.820000000000107e-1 7.43103725e+7
6.830000000000109e-1 7.43103725e+7
6.840000000000109e-1 7.43103725e+7
6.850000000000108e-1 7.43103725e+7
6.860000000000108e-1 7.43103725e+7
6.87000000000011e-1 7.43103725e+7
6.88000000000011e-1 7.43103725e+7
6.890000000000109e-1 7.43103725e+7
6.900000000000109e-1 7.43103725e+7
6.91000000000011e-1 7.43103725e+7
6.920000000000112e-1 7.43103725e+7
6.93000000000011e-1 7.43103725e+7
6.94000000000011e-1 7.43103725e+7
6.950000000000112e-1 7.43103725e+7
6.960000000000112e-1 7.43103725e+7
6.970000000000112e-1 7.43103725e+7
6.980000000000112e-1 7.43103725e+7
6.990000000000113e-1 7.43103725e+7
7.000000000000113e-1 7.43103725e+7
7.010000000000113e-1 7.43103725e+7
7.020000000000113e-1 7.43103725e+7
7.030000000000114e-1 7.43103725e+7
7.040000000000114e-1 7.43103725e+7
7.050000000000114e-1 7.43103725e+7
7.060000000000114e-1 7.43103725e+7
7.070000000000115e-1 7.43103725e+7
7.080000000000115e-1 7.43103725e+7
7.090000000000115e-1 7.43103725e+7
7.100000000000114e-1 7.43103725e+7
7.110000000000116e-1 7.43103725e+7
7.120000000000116e-1 7.43103725e+7
7.130000000000116e-1 7.43103725e+7
7.140000000000115e-1 7.43103725e+7
7.150000000000115e-1 7.43103725e+7
7.160000000000117e-1 7.43103725e+7
7.170000000000117e-1 7.43103725e+7
7.180000000000116e-1 7.43103725e+7
7.190000000000116e-1 7.43103725e+7
7.200000000000117e-1 7.43103725e+7
7.210000000000119e-1 7.43103725e+7
7.220000000000117e-1 7.43103725e+7
7.230000000000117e-1 7.43103725e+7
7.240000000000119e-1 7.43103725e+7
7.25000000000012e-1 7.43103725e+7
7.260000000000119e-1 7.43103725e+7
7.270000000000119e-1 7.43103725e+7
7.28000000000012e-1 7.43103725e+7
7.29000000000012e-1 7.43103725e+7
7.30000000000012e-1 7.43103725e+7
7.31000000000012e-1 7.43103725e+7
7.320000000000121e-1 7.43103725e+7
7.330000000000121e-1 7.43103725e+7
7.340000000000121e-1 7.43103725e+7
7.350000000000121e-1 7.43103725e+7
7.360000000000122e-1 7.43103725e+7
7.370000000000122e-1 7.43103725e+7
7.380000000000122e-1 7.43103725e+7
7.390000000000121e-1 7.43103725e+7
7.400000000000123e-1 7.43103725e+7
7.410000000000123e-1 7.43103725e+7
7.420000000000123e-1 7.43103725e+7
7.430000000000122e-1 7.43103725e+7
7.440000000000124e-1 7.43103725e+7
7.450000000000124e-1 7.43103725e+7
7.460000000000124e-1 7.43103725e+7
7.470000000000123e-1 7.43103725e+7
7.480000000000123e-1 7.43103725e+7
7.490000000000125e-1 7.43103725e+7
7.500000000000125e-1 7.43103725e+7
7.510000000000124e-1 7.43103725e+7
7.520000000000124e-1 7.43103725e+7
7.530000000000125e-1 7.43103725e+7
7.540000000000127e-1 7.43103725e+7
7.550000000000125e-1 7.43103725e+7
7.560000000000126e-1 7.43103725e+7
7.570000000000127e-1 7.43103725e+7
7.580000000000128e-1 7.43103725e+7
7.590000000000127e-1 7.43103725e+7
7.600000000000127e-1 7.43103725e+7
7.610000000000128e-1 7.43103725e+7
7.620000000000128e-1 7.43103725e+7
7.630000000000128e-1 7.43103725e+7
7.640000000000128e-1 7.43103725e+7
7.650000000000129e-1 7.43103725e+7
7.660000000000129e-1 7.43103725e+7
7.670000000000129e-1 7.43103725e+7
7.680000000000129e-1 7.43103725e+7
7.69000000000013e-1 7.43103725e+7
7.70000000000013e-1 7.43103725e+7
7.71000000000013e-1 7.43103725e+7
7.720000000000129e-1 7.43103725e+7
7.730000000000131e-1 7.43103725e+7
7.740000000000131e-1 7.43103725e+7
7.750000000000131e-1 7.43103725e+7
7.76000000000013e-1 7.43103725e+7
7.770000000000132e-1 7.43103725e+7
7.780000000000132e-1 7.43103725e+7
7.790000000000132e-1 7.43103725e+7
7.800000000000131e-1 7.43103725e+7
7.810000000000131e-1 7.43103725e+7
7.820000000000134e-1 7.43103725e+7
7.830000000000134e-1 7.43103725e+7
7.840000000000132e-1 7.43103725e+7
7.850000000000132e-1 7.43103725e+7
7.860000000000134e-1 7.43103725e+7
7.870000000000135e-1 7.43103725e+7
7.880000000000134e-1 7.43103725e+7
7.890000000000134e-1 7.43103725e+7
7.900000000000135e-1 7.43103725e+7
7.910000000000135e-1 7.43103725e+7
7.920000000000135e-1 7.43103725e+7
7.930000000000135e-1 7.43103725e+7
7.940000000000136e-1 7.43103725e+7
7.950000000000136e-1 7.43103725e+7
7.960000000000136e-1 7.43103725e+7
7.970000000000136e-1 7.43103725e+7
7.980000000000137e-1 7.43103725e+7
7.990000000000137e-1 7.43103725e+7
8.000000000000137e-1 7.43103725e+7
8.010000000000137e-1 7.43103725e+7
8.020000000000138e-1 7.43103725e+7
8.030000000000138e-1 7.43103725e+7
8.040000000000138e-1 7.43103725e+7
8.050000000000137e-1 7.43103725e+7
8.060000000000139e-1 7.43103725e+7
8.070000000000139e-1 7.43103725e+7
8.080000000000139e-1 7.43103725e+7
8.090000000000138e-1 7.43103725e+7
8.100000000000138e-1 7.43103725e+7
8.11000000000014e-1 7.43103725e+7
8.12000000000014e-1 7.43103725e+7
8.130000000000139e-1 7.43103725e+7
8.140000000000139e-1 7.43103725e+7
8.150000000000142e-1 7.43103725e+7
8.160000000000142e-1 7.43103725e+7
8.17000000000014e-1 7.43103725e+7
8.18000000000014e-1 7.43103725e+7
8.190000000000142e-1 7.43103725e+7
8.200000000000143e-1 7.43103725e+7
8.210000000000142e-1 7.43103725e+7
8.220000000000142e-1 7.43103725e+7
8.230000000000143e-1 7.43103725e+7
8.240000000000143e-1 7.43103725e+7
8.250000000000143e-1 7.43103725e+7
8.260000000000143e-1 7.43103725e+7
8.270000000000144e-1 7.43103725e+7
8.280000000000144e-1 7.43103725e+7
8.290000000000144e-1 7.43103725e+7
8.300000000000144e-1 7.43103725e+7
8.310000000000145e-1 7.43103725e+7
8.320000000000145e-1 7.43103725e+7
8.330000000000145e-1 7.43103725e+7
8.340000000000145e-1 7.43103725e+7
8.350000000000146e-1 7.43103725e+7
8.360000000000146e-1 7.43103725e+7
8.370000000000146e-1 7.43103725e+7
8.380000000000145e-1 7.43103725e+7
8.390000000000147e-1 7.43103725e+7
8.400000000000147e-1 7.43103725e+7
8.410000000000147e-1 7.43103725e+7
8.420000000000146e-1 7.43103725e+7
8.430000000000146e-1 7.43103725e+7
8.440000000000148e-1 7.43103725e+7
8.450000000000149e-1 7.43103725e+7
8.460000000000147e-1 7.43103725e+7
8.470000000000147e-1 7.43103725e+7
8.48000000000015e-1 7.43103725e+7
8.49000000000015e-1 7.43103725e+7
8.500000000000149e-1 7.43103725e+7
8.510000000000149e-1 7.43103725e+7
8.52000000000015e-1 7.43103725e+7
8.530000000000151e-1 7.43103725e+7
8.54000000000015e-1 7.43103725e+7
8.55000000000015e-1 7.43103725e+7
8.560000000000151e-1 7.43103725e+7
8.570000000000151e-1 7.43103725e+7
8.580000000000151e-1 7.43103725e+7
8.590000000000151e-1 7.43103725e+7
8.600000000000152e-1 7.43103725e+7
8.610000000000152e-1 7.43103725e+7
8.620000000000152e-1 7.43103725e+7
8.630000000000152e-1 7.43103725e+7
8.640000000000153e-1 7.43103725e+7
8.650000000000153e-1 7.43103725e+7
8.660000000000153e-1 7.43103725e+7
8.670000000000153e-1 7.43103725e+7
8.680000000000154e-1 7.43103725e+7
8.690000000000154e-1 7.43103725e+7
8.700000000000154e-1 7.43103725e+7
8.710000000000153e-1 7.43103725e+7
8.720000000000155e-1 7.43103725e+7
8.730000000000155e-1 7.43103725e+7
8.740000000000155e-1 7.43103725e+7
8.750000000000154e-1 7.43103725e+7
8.760000000000154e-1 7.43103725e+7
8.770000000000157e-1 7.43103725e+7
8.780000000000157e-1 7.43103725e+7
8.790000000000155e-1 7.43103725e+7
8.800000000000155e-1 7.43103725e+7
8.810000000000157e-1 7.43103725e+7
8.820000000000158e-1 7.43103725e+7
8.830000000000157e-1 7.43103725e+7
8.840000000000157e-1 7.43103725e+7
8.850000000000158e-1 7.43103725e+7
8.860000000000159e-1 7.43103725e+7
8.870000000000158e-1 7.43103725e+7
8.880000000000158e-1 7.43103725e+7
8.890000000000159e-1 7.43103725e+7
8.900000000000159e-1 7.43103725e+7
8.910000000000159e-1 7.43103725e+7
8.920000000000159e-1 7.43103725e+7
8.93000000000016e-1 7.43103725e+7
8.94000000000016e-1 7.43103725e+7
8.95000000000016e-1 7.43103725e+7
8.96000000000016e-1 7.43103725e+7
8.970000000000161e-1 7.43103725e+7
8.980000000000161e-1 7.43103725e+7
8.990000000000161e-1 7.43103725e+7
9.000000000000161e-1 7.43103725e+7
9.010000000000162e-1 7.43103725e+7
9.020000000000162e-1 7.43103725e+7
9.030000000000162e-1 7.43103725e+7
9.040000000000161e-1 7.43103725e+7
9.050000000000163e-1 7.43103725e+7
9.060000000000163e-1 7.43103725e+7
9.070000000000162e-1 7.43103725e+7
9.080000000000162e-1 7.43103725e+7
9.090000000000161e-1 7.43103725e+7
9.100000000000164e-1 7.43103725e+7
9.110000000000164e-1 7.43103725e+7
9.120000000000164e-1 7.43103725e+7
9.130000000000162e-1 7.43103725e+7
9.140000000000165e-1 7.43103725e+7
9.150000000000165e-1 7.43103725e+7
9.160000000000165e-1 7.43103725e+7
9.170000000000164e-1 7.43103725e+7
9.180000000000164e-1 7.43103725e+7
9.190000000000166e-1 7.43103725e+7
9.200000000000166e-1 7.43103725e+7
9.210000000000165e-1 7.43103725e+7
9.220000000000165e-1 7.43103725e+7
9.230000000000166e-1 7.43103725e+7
9.240000000000167e-1 7.43103725e+7
9.250000000000166e-1 7.43103725e+7
9.260000000000166e-1 7.43103725e+7
9.270000000000167e-1 7.43103725e+7
9.280000000000168e-1 7.43103725e+7
9.290000000000167e-1 7.43103725e+7
9.300000000000167e-1 7.43103725e+7
9.310000000000168e-1 7.43103725e+7
9.320000000000168e-1 7.43103725e+7
9.330000000000168e-1 7.43103725e+7
9.340000000000168e-1 7.43103725e+7
9.350000000000169e-1 7.43103725e+7
9.360000000000169e-1 7.43103725e+7
9.370000000000169e-1 7.43103725e+7
9.380000000000169e-1 7.43103725e+7
9.39000000000017e-1 7.43103725e+7
9.40000000000017e-1 7.43103725e+7
9.41000000000017e-1 7.43103725e+7
9.420000000000169e-1 7.43103725e+7
9.430000000000172e-1 7.43103725e+7
9.440000000000172e-1 7.43103725e+7
9.450000000000172e-1 7.43103725e+7
9.46000000000017e-1 7.43103725e+7
9.470000000000173e-1 7.43103725e+7
9.480000000000173e-1 7.43103725e+7
9.490000000000173e-1 7.43103725e+7
9.500000000000172e-1 7.43103725e+7
9.510000000000172e-1 7.43103725e+7
9.520000000000174e-1 7.43103725e+7
9.530000000000174e-1 7.43103725e+7
9.540000000000173e-1 7.43103725e+7
9.550000000000173e-1 7.43103725e+7
9.560000000000174e-1 7.43103725e+7
9.570000000000175e-1 7.43103725e+7
9.580000000000174e-1 7.43103725e+7
9.590000000000174e-1 7.43103725e+7
9.600000000000175e-1 7.43103725e+7
9.610000000000175e-1 7.43103725e+7
9.620000000000175e-1 7.43103725e+7
9.630000000000175e-1 7.43103725e+7
9.640000000000176e-1 7.43103725e+7
9.650000000000176e-1 7.43103725e+7
9.660000000000176e-1 7.43103725e+7
9.670000000000176e-1 7.43103725e+7
9.680000000000177e-1 7.43103725e+7
9.690000000000177e-1 7.43103725e+7
9.700000000000177e-1 7.43103725e+7
9.710000000000177e-1 7.43103725e+7
9.720000000000178e-1 7.43103725e+7
9.730000000000179e-1 7.43103725e+7
9.740000000000179e-1 7.43103725e+7
9.750000000000177e-1 7.43103725e+7
9.76000000000018e-1 7.43103725e+7
9.77000000000018e-1 7.43103725e+7
9.78000000000018e-1 7.43103725e+7
9.790000000000179e-1 7.43103725e+7
9.800000000000179e-1 7.43103725e+7
9.810000000000181e-1 7.43103725e+7
9.820000000000181e-1 7.43103725e+7
9.83000000000018e-1 7.43103725e+7
9.84000000000018e-1 7.43103725e+7
9.850000000000182e-1 7.43103725e+7
9.860000000000182e-1 7.43103725e+7
9.870000000000181e-1 7.43103725e+7
9.880000000000181e-1 7.43103725e+7
9.890000000000182e-1 7.43103725e+7
9.900000000000183e-1 7.43103725e+7
9.910000000000182e-1 7.43103725e+7
9.920000000000182e-1 7.43103725e+7
9.930000000000183e-1 7.43103725e+7
9.940000000000183e-1 7.43103725e+7
9.950000000000183e-1 7.43103725e+7
9.960000000000183e-1 7.43103725e+7
9.970000000000184e-1 7.43103725e+7
9.980000000000184e-1 7.43103725e+7
9.990000000000184e-1 7.43103725e+7
